Call Sign (String),Time Zone ID (String),Date (String),Temperature Sampled Low (°F),Temperature Sampled High (°F),Dew Point Sampled Low (°F),Dew Point Sampled High (°F),Wind Speed Min (mph),Wind Speed Max (mph),Gust Speed Max (mph),Wind Direction Dominant (degrees),Visibility Min (mi),Visibility Max (mi),Precipitation (in),Snow Depth Max (in),Pressure Altimeter Min (in Hg),Pressure Altimeter Max (in Hg),Min Cloud Layer Code (String),Min Cloud Layer Label (String),Max Cloud Layer Code (String),Max Cloud Layer Label (String),Weather Code 1 (String),Weather Label 1 (String),Weather Code 2 (String),Weather Label 2 (String),Weather Code 3 (String),Weather Label 3 (String),Weather Code 4 (String),Weather Label 4 (String),Weather Code 5 (String),Weather Label 5 (String),Weather Code 6 (String),Weather Label 6 (String),Weather Code 7 (String),Weather Label 7 (String),Weather Code 8 (String),Weather Label 8 (String),Weather Code 9 (String),Weather Label 9 (String),Weather Code 10 (String),Weather Label 10 (String),Weather Code 11 (String),Weather Label 11 (String),Weather Code 12 (String),Weather Label 12 (String)
KLAX,America/Los_Angeles,2017-01-01,42.98,57.02,39.02,46.04,0.00,10.36,,E,9.00,10.00,,,29.87,30.02,CLR,clear,BKN,mostly cloudy,,,,,,,,,,,,,,,,,,,,,,,,
KLAX,America/Los_Angeles,2017-01-02,50.00,55.94,44.06,48.02,0.00,9.21,,SE,9.00,10.00,,,30.01,30.18,FEW,mostly clear,OVC,overcast,,,,,,,,,,,,,,,,,,,,,,,,
KLAX,America/Los_Angeles,2017-01-03,48.02,59.00,44.06,48.02,0.00,5.75,,E,10.00,10.00,,,30.11,30.19,FEW,mostly clear,OVC,overcast,,,,,,,,,,,,,,,,,,,,,,,,
KLAX,America/Los_Angeles,2017-01-04,50.00,60.98,44.06,55.40,0.00,10.36,,E,1.50,10.00,0.04,,30.06,30.17,FEW,mostly clear,OVC,overcast,-RA,light rain,DZ,drizzle,-DZ,light drizzle,BR,mist,,,,,,,,,,,,,,,,
KLAX,America/Los_Angeles,2017-01-05,53.96,62.06,51.98,59.00,0.00,12.66,20.71,E,0.50,10.00,0.44,,29.94,30.05,FEW,mostly clear,VV,overcast,-RA,light rain,DZ,drizzle,-DZ,light drizzle,FG,fog,BR,mist,,,,,,,,,,,,,,
KLAX,America/Los_Angeles,2017-01-06,51.08,64.04,39.92,53.06,0.00,11.51,,W,6.00,10.00,,,29.98,30.13,CLR,clear,BKN,mostly cloudy,BR,mist,,,,,,,,,,,,,,,,,,,,,,
KLAX,America/Los_Angeles,2017-01-07,51.98,69.08,37.04,51.98,0.00,11.51,,NE,10.00,10.00,0.03,,30.14,30.22,FEW,mostly clear,OVC,overcast,-RA,light rain,,,,,,,,,,,,,,,,,,,,,,
KLAX,America/Los_Angeles,2017-01-08,53.96,73.94,37.94,48.92,0.00,13.81,,W,9.00,10.00,,,30.11,30.21,FEW,mostly clear,OVC,overcast,,,,,,,,,,,,,,,,,,,,,,,,
KLAX,America/Los_Angeles,2017-01-09,53.96,62.06,51.08,57.20,3.45,13.81,,W,1.50,10.00,0.87,,30.09,30.19,FEW,mostly clear,OVC,overcast,TSRA,thunderstorm with rain,RA,rain,-RA,light rain,BR,mist,,,,,,,,,,,,,,,,
KLAX,America/Los_Angeles,2017-01-10,51.98,59.00,50.00,57.02,0.00,17.26,23.02,SW,2.00,10.00,0.09,,30.06,30.17,FEW,mostly clear,OVC,overcast,-RA,light rain,BR,mist,,,,,,,,,,,,,,,,,,,,
KLAX,America/Los_Angeles,2017-01-11,57.02,60.98,53.06,57.92,0.00,17.26,29.92,SW,1.25,10.00,0.18,,29.96,30.05,FEW,mostly clear,OVC,overcast,RA,rain,-RA,light rain,BR,mist,,,,,,,,,,,,,,,,,,
KLAX,America/Los_Angeles,2017-01-12,53.06,57.92,48.92,55.04,0.00,12.66,17.26,E,1.50,10.00,0.71,,29.92,29.98,FEW,mostly clear,OVC,overcast,+RA,heavy rain,RA,rain,-RA,light rain,BR,mist,,,,,,,,,,,,,,,,
KLAX,America/Los_Angeles,2017-01-13,48.02,59.00,46.94,50.00,0.00,11.51,,W,5.00,10.00,,,29.98,30.05,FEW,mostly clear,BKN,mostly cloudy,BR,mist,,,,,,,,,,,,,,,,,,,,,,
KLAX,America/Los_Angeles,2017-01-14,48.02,69.08,39.02,51.08,0.00,11.51,20.71,E,6.00,10.00,,,29.95,30.06,CLR,clear,BKN,mostly cloudy,HZ,haze,BR,mist,,,,,,,,,,,,,,,,,,,,
KLAX,America/Los_Angeles,2017-01-15,51.98,62.06,50.00,53.96,0.00,13.81,20.71,E,4.00,10.00,,,29.99,30.08,FEW,mostly clear,OVC,overcast,BR,mist,,,,,,,,,,,,,,,,,,,,,,
KLAX,America/Los_Angeles,2017-01-16,51.98,60.98,50.00,53.60,0.00,16.11,,W,7.00,10.00,,,30.02,30.11,CLR,clear,OVC,overcast,,,,,,,,,,,,,,,,,,,,,,,,
KLAX,America/Los_Angeles,2017-01-17,46.94,64.04,35.06,53.06,0.00,12.66,,W,9.00,10.00,,,30.06,30.17,CLR,clear,BKN,mostly cloudy,,,,,,,,,,,,,,,,,,,,,,,,
KLAX,America/Los_Angeles,2017-01-18,48.92,59.00,42.98,51.98,0.00,16.11,23.02,W,6.00,10.00,0.06,,30.02,30.21,FEW,mostly clear,OVC,overcast,RA,rain,-RA,light rain,HZ,haze,,,,,,,,,,,,,,,,,,
KLAX,America/Los_Angeles,2017-01-19,53.06,60.98,48.20,55.04,0.00,24.17,21.86,W,1.25,10.00,0.58,,29.87,30.03,FEW,mostly clear,OVC,overcast,+RA,heavy rain,RA,rain,-RA,light rain,BR,mist,,,,,,,,,,,,,,,,
KLAX,America/Los_Angeles,2017-01-20,51.98,59.00,44.06,55.94,3.45,32.22,40.28,W,0.25,10.00,0.98,,29.44,29.85,FEW,mostly clear,OVC,overcast,+RA,heavy rain,RA,rain,-RA,light rain,HZ,haze,FG,fog,BR,mist,,,,,,,,,,,,
KLAX,America/Los_Angeles,2017-01-21,48.92,59.00,41.00,48.02,3.45,24.17,32.22,W,10.00,10.00,,,29.62,30.12,CLR,clear,BKN,mostly cloudy,,,,,,,,,,,,,,,,,,,,,,,,
KLAX,America/Los_Angeles,2017-01-22,50.00,57.20,48.02,55.94,3.45,21.86,29.92,E,0.50,10.00,2.93,,29.89,30.11,FEW,mostly clear,OVC,overcast,+RA,heavy rain,RA,rain,-RA,light rain,FG,fog,BR,mist,,,,,,,,,,,,,,
KLAX,America/Los_Angeles,2017-01-23,48.02,55.04,37.94,51.08,0.00,24.17,31.07,W,4.00,10.00,0.15,,29.83,29.92,CLR,clear,OVC,overcast,VCTS,thunderstorm in the vicinity,RA,rain,-RA,light rain,BR,mist,,,,,,,,,,,,,,,,
KLAX,America/Los_Angeles,2017-01-24,41.00,53.96,37.94,42.08,0.00,12.75,,W,8.70,10.00,0.00,,29.93,30.17,NCD,no cloud detected,BKN,mostly cloudy,,,,,,,,,,,,,,,,,,,,,,,,
KLAX,America/Los_Angeles,2017-01-25,42.98,55.94,35.96,44.06,0.00,13.81,19.56,W,10.00,10.00,,,30.19,30.32,CLR,clear,FEW,mostly clear,,,,,,,,,,,,,,,,,,,,,,,,
KLAX,America/Los_Angeles,2017-01-26,42.08,60.98,28.04,44.06,0.00,14.96,,W,10.00,10.00,,,30.26,30.35,CLR,clear,BKN,mostly cloudy,,,,,,,,,,,,,,,,,,,,,,,,
KLAX,America/Los_Angeles,2017-01-27,44.96,60.08,24.98,37.04,0.00,14.96,20.71,S,10.00,10.00,,,30.36,30.49,CLR,clear,FEW,mostly clear,,,,,,,,,,,,,,,,,,,,,,,,
KLAX,America/Los_Angeles,2017-01-28,42.08,69.08,21.92,35.06,0.00,11.51,,W,9.00,10.00,,,30.34,30.46,CLR,clear,FEW,mostly clear,,,,,,,,,,,,,,,,,,,,,,,,
KLAX,America/Los_Angeles,2017-01-29,46.04,73.94,24.08,33.98,0.00,9.21,,W,9.00,10.00,,,30.16,30.32,CLR,clear,FEW,mostly clear,,,,,,,,,,,,,,,,,,,,,,,,
KLAX,America/Los_Angeles,2017-01-30,53.06,73.94,28.04,44.06,0.00,11.51,,W,10.00,10.00,,,30.10,30.19,CLR,clear,BKN,mostly cloudy,,,,,,,,,,,,,,,,,,,,,,,,
KLAX,America/Los_Angeles,2017-01-31,51.08,69.98,37.04,51.98,0.00,10.36,,W,10.00,10.00,,,30.07,30.13,CLR,clear,BKN,mostly cloudy,,,,,,,,,,,,,,,,,,,,,,,,
KLAX,America/Los_Angeles,2017-02-01,48.02,66.92,41.00,53.06,0.00,11.51,,E,0.12,10.00,,,30.05,30.12,FEW,mostly clear,VV,overcast,HZ,haze,FG,fog,BR,mist,BCFG,patches of fog,,,,,,,,,,,,,,,,
KLAX,America/Los_Angeles,2017-02-02,50.00,62.06,46.04,53.06,0.00,11.51,20.71,W,5.00,10.00,,,30.08,30.16,FEW,mostly clear,OVC,overcast,BR,mist,,,,,,,,,,,,,,,,,,,,,,
KLAX,America/Los_Angeles,2017-02-03,53.96,60.08,51.98,57.92,0.00,9.21,,E,0.75,10.00,0.31,,30.05,30.12,FEW,mostly clear,OVC,overcast,-RA,light rain,-DZ,light drizzle,BR,mist,,,,,,,,,,,,,,,,,,
KLAX,America/Los_Angeles,2017-02-04,53.96,60.08,53.06,57.02,0.00,17.26,,W,0.75,10.00,,,30.05,30.16,FEW,mostly clear,OVC,overcast,BR,mist,,,,,,,,,,,,,,,,,,,,,,
KLAX,America/Los_Angeles,2017-02-05,55.04,59.00,50.00,53.96,0.00,8.06,,S,4.00,10.00,0.00,,29.98,30.09,FEW,mostly clear,OVC,overcast,HZ,haze,BR,mist,,,,,,,,,,,,,,,,,,,,
KLAX,America/Los_Angeles,2017-02-06,53.06,60.08,53.06,59.00,3.45,14.96,20.71,E,1.50,10.00,0.96,,30.01,30.11,FEW,mostly clear,OVC,overcast,+RA,heavy rain,RA,rain,-RA,light rain,BR,mist,,,,,,,,,,,,,,,,
KLAX,America/Los_Angeles,2017-02-07,57.92,62.06,57.92,60.08,0.00,14.96,24.17,W,0.75,10.00,0.40,,30.07,30.18,FEW,mostly clear,VV,overcast,RA,rain,-RA,light rain,DZ,drizzle,BR,mist,,,,,,,,,,,,,,,,
KLAX,America/Los_Angeles,2017-02-08,57.92,66.02,57.92,62.06,0.00,11.51,,W,0.12,8.00,0.03,,30.06,30.21,FEW,mostly clear,VV,overcast,-RA,light rain,FG,fog,BR,mist,BCFG,patches of fog,,,,,,,,,,,,,,,,
KLAX,America/Los_Angeles,2017-02-09,55.94,62.06,55.94,59.00,0.00,13.81,,W,0.12,10.00,,,29.97,30.10,FEW,mostly clear,VV,overcast,FG,fog,BR,mist,BCFG,patches of fog,,,,,,,,,,,,,,,,,,
KLAX,America/Los_Angeles,2017-02-10,55.94,62.06,55.94,59.00,0.00,14.96,,W,2.00,10.00,0.26,,29.97,30.07,FEW,mostly clear,OVC,overcast,RA,rain,-RA,light rain,BR,mist,PRFG,partial fog,BCFG,patches of fog,,,,,,,,,,,,,,
KLAX,America/Los_Angeles,2017-02-11,55.04,59.00,48.92,59.00,0.00,14.96,,W,4.00,10.00,0.03,,30.03,30.10,FEW,mostly clear,OVC,overcast,-RA,light rain,BR,mist,,,,,,,,,,,,,,,,,,,,
KLAX,America/Los_Angeles,2017-02-12,48.92,69.98,39.92,53.06,0.00,10.36,,SW,8.00,10.00,,,29.99,30.11,CLR,clear,BKN,mostly cloudy,,,,,,,,,,,,,,,,,,,,,,,,
KLAX,America/Los_Angeles,2017-02-13,51.98,71.96,39.02,53.96,0.00,12.66,,E,9.00,10.00,,,29.99,30.06,CLR,clear,BKN,mostly cloudy,,,,,,,,,,,,,,,,,,,,,,,,
KLAX,America/Los_Angeles,2017-02-14,53.96,68.00,53.06,57.02,0.00,12.66,16.11,W,2.50,10.00,,,30.02,30.10,FEW,mostly clear,OVC,overcast,HZ,haze,BR,mist,,,,,,,,,,,,,,,,,,,,
KLAX,America/Los_Angeles,2017-02-15,51.80,68.00,51.08,57.02,0.00,19.56,,W,0.12,10.00,,,30.04,30.13,FEW,mostly clear,VV,overcast,FG,fog,BR,mist,BCFG,patches of fog,,,,,,,,,,,,,,,,,,
KLAX,America/Los_Angeles,2017-02-16,53.96,62.06,51.98,55.94,0.00,14.96,,W,0.06,10.00,,,29.89,30.06,FEW,mostly clear,VV,overcast,HZ,haze,FG,fog,BR,mist,BCFG,patches of fog,,,,,,,,,,,,,,,,
KLAX,America/Los_Angeles,2017-02-17,53.06,59.00,51.98,55.94,8.06,29.92,44.88,SE,1.50,10.00,1.57,,29.44,29.84,FEW,mostly clear,OVC,overcast,+RA,heavy rain,RA,rain,-RA,light rain,BR,mist,,,,,,,,,,,,,,,,
KLAX,America/Los_Angeles,2017-02-18,51.98,57.92,51.08,55.04,0.00,17.26,,E,1.50,10.00,0.28,,29.50,29.74,CLR,clear,OVC,overcast,RA,rain,-RA,light rain,-DZ,light drizzle,BR,mist,,,,,,,,,,,,,,,,
KLAX,America/Los_Angeles,2017-02-19,50.00,57.92,48.92,53.06,0.00,10.36,,W,2.00,10.00,0.03,,29.74,30.18,FEW,mostly clear,OVC,overcast,-RA,light rain,BR,mist,,,,,,,,,,,,,,,,,,,,
KLAX,America/Los_Angeles,2017-02-20,53.06,60.98,51.80,55.94,0.00,13.81,,E,1.50,10.00,0.07,,30.17,30.32,FEW,mostly clear,OVC,overcast,-RA,light rain,BR,mist,,,,,,,,,,,,,,,,,,,,
KLAX,America/Los_Angeles,2017-02-21,57.02,62.96,55.04,57.92,0.00,12.66,,W,5.00,10.00,0.01,,30.22,30.34,FEW,mostly clear,OVC,overcast,-RA,light rain,BR,mist,BCFG,patches of fog,,,,,,,,,,,,,,,,,,
KLAX,America/Los_Angeles,2017-02-22,53.06,60.08,33.08,55.94,0.00,25.32,19.56,W,7.00,10.00,,,30.02,30.20,CLR,clear,BKN,mostly cloudy,BCFG,patches of fog,,,,,,,,,,,,,,,,,,,,,,
KLAX,America/Los_Angeles,2017-02-23,48.92,59.00,15.98,35.06,4.60,25.32,31.07,N,10.00,10.00,,,30.04,30.11,CLR,clear,SCT,partly cloudy,,,,,,,,,,,,,,,,,,,,,,,,
KLAX,America/Los_Angeles,2017-02-24,46.04,59.00,19.04,42.98,0.00,14.96,,W,9.00,10.00,,,30.11,30.19,CLR,clear,BKN,mostly cloudy,,,,,,,,,,,,,,,,,,,,,,,,
KLAX,America/Los_Angeles,2017-02-25,44.06,60.08,35.96,46.94,0.00,16.11,,W,10.00,10.00,,,30.01,30.17,CLR,clear,OVC,overcast,,,,,,,,,,,,,,,,,,,,,,,,
KLAX,America/Los_Angeles,2017-02-26,48.02,55.94,39.92,48.92,4.60,13.81,,E,10.00,10.00,0.07,,29.95,30.02,FEW,mostly clear,OVC,overcast,-RA,light rain,,,,,,,,,,,,,,,,,,,,,,
KLAX,America/Los_Angeles,2017-02-27,48.02,57.02,42.98,48.92,0.00,12.66,19.56,W,10.00,10.00,,,29.82,29.96,FEW,mostly clear,OVC,overcast,,,,,,,,,,,,,,,,,,,,,,,,
KLAX,America/Los_Angeles,2017-02-28,50.00,60.98,28.04,46.94,0.00,14.99,23.04,W,9.94,10.00,0.00,,29.89,30.22,NCD,no cloud detected,BKN,mostly cloudy,,,,,,,,,,,,,,,,,,,,,,,,
KLAX,America/Los_Angeles,2017-03-01,46.04,69.98,32.00,44.96,0.00,14.96,21.86,W,10.00,10.00,,,30.19,30.28,CLR,clear,FEW,mostly clear,,,,,,,,,,,,,,,,,,,,,,,,
KLAX,America/Los_Angeles,2017-03-02,48.02,75.92,19.04,48.02,0.00,14.96,20.71,W,10.00,10.00,,,30.07,30.21,CLR,clear,SCT,partly cloudy,,,,,,,,,,,,,,,,,,,,,,,,
KLAX,America/Los_Angeles,2017-03-03,53.06,77.00,23.00,46.04,0.00,12.66,,W,10.00,10.00,,,29.95,30.07,CLR,clear,BKN,mostly cloudy,,,,,,,,,,,,,,,,,,,,,,,,
KLAX,America/Los_Angeles,2017-03-04,50.00,66.02,41.00,55.04,0.00,13.81,,W,8.00,10.00,,,29.98,30.05,CLR,clear,OVC,overcast,,,,,,,,,,,,,,,,,,,,,,,,
KLAX,America/Los_Angeles,2017-03-05,51.98,59.00,33.08,53.06,4.60,24.17,34.52,W,1.75,10.00,0.02,,29.95,30.11,CLR,clear,OVC,overcast,+RA,heavy rain,-RA,light rain,BR,mist,,,,,,,,,,,,,,,,,,
KLAX,America/Los_Angeles,2017-03-06,48.02,60.98,26.06,46.94,3.45,20.71,23.02,W,10.00,10.00,,,30.12,30.21,CLR,clear,FEW,mostly clear,,,,,,,,,,,,,,,,,,,,,,,,
KLAX,America/Los_Angeles,2017-03-07,48.02,68.00,28.94,48.02,0.00,14.96,,W,7.00,10.00,,,30.12,30.21,CLR,clear,BKN,mostly cloudy,,,,,,,,,,,,,,,,,,,,,,,,
KLAX,America/Los_Angeles,2017-03-08,53.06,77.00,37.94,50.00,0.00,14.96,,W,10.00,10.00,,,30.01,30.13,FEW,mostly clear,BKN,mostly cloudy,,,,,,,,,,,,,,,,,,,,,,,,
KLAX,America/Los_Angeles,2017-03-09,53.96,75.02,44.96,51.98,0.00,13.81,,W,10.00,10.00,,,30.02,30.08,CLR,clear,SCT,partly cloudy,,,,,,,,,,,,,,,,,,,,,,,,
KLAX,America/Los_Angeles,2017-03-10,55.04,71.96,46.04,55.94,0.00,13.81,,W,6.00,10.00,,,29.98,30.09,CLR,clear,BKN,mostly cloudy,HZ,haze,,,,,,,,,,,,,,,,,,,,,,
KLAX,America/Los_Angeles,2017-03-11,53.96,71.96,50.00,55.94,0.00,11.51,,W,2.00,10.00,,,29.96,30.04,CLR,clear,SCT,partly cloudy,BR,mist,PRFG,partial fog,BCFG,patches of fog,,,,,,,,,,,,,,,,,,
KLAX,America/Los_Angeles,2017-03-12,53.06,66.92,53.06,57.02,0.00,13.81,,W,0.12,6.00,,,29.96,30.04,CLR,clear,VV,overcast,HZ,haze,FG,fog,BR,mist,BCFG,patches of fog,,,,,,,,,,,,,,,,
KLAX,America/Los_Angeles,2017-03-13,53.96,66.92,53.96,55.94,0.00,13.81,,W,0.12,6.00,,,29.98,30.05,FEW,mostly clear,VV,overcast,HZ,haze,FG,fog,BR,mist,BCFG,patches of fog,,,,,,,,,,,,,,,,
KLAX,America/Los_Angeles,2017-03-14,51.08,66.92,51.08,57.02,0.00,13.81,,W,0.06,8.00,,,30.03,30.08,FEW,mostly clear,VV,overcast,HZ,haze,FG,fog,BR,mist,BCFG,patches of fog,,,,,,,,,,,,,,,,
KLAX,America/Los_Angeles,2017-03-15,55.04,69.08,51.98,57.20,0.00,16.11,,W,0.06,10.00,,,30.04,30.11,CLR,clear,VV,overcast,HZ,haze,FG,fog,BR,mist,BCFG,patches of fog,,,,,,,,,,,,,,,,
KLAX,America/Los_Angeles,2017-03-16,55.04,68.00,53.96,57.92,0.00,12.66,,W,0.50,10.00,,,30.03,30.12,CLR,clear,VV,overcast,FG,fog,BR,mist,BCFG,patches of fog,,,,,,,,,,,,,,,,,,
KLAX,America/Los_Angeles,2017-03-17,53.96,64.04,53.96,57.92,0.00,11.51,,W,0.12,5.00,,,29.98,30.06,FEW,mostly clear,VV,overcast,FG,fog,BR,mist,BCFG,patches of fog,,,,,,,,,,,,,,,,,,
KLAX,America/Los_Angeles,2017-03-18,55.94,64.94,53.96,55.94,0.00,11.51,,W,1.25,10.00,,,30.02,30.11,FEW,mostly clear,OVC,overcast,HZ,haze,BR,mist,,,,,,,,,,,,,,,,,,,,
KLAX,America/Los_Angeles,2017-03-19,55.94,64.04,53.06,55.94,0.00,13.81,,W,1.50,10.00,,,30.04,30.11,FEW,mostly clear,OVC,overcast,HZ,haze,BR,mist,,,,,,,,,,,,,,,,,,,,
KLAX,America/Los_Angeles,2017-03-20,57.02,64.94,48.02,53.96,0.00,14.96,,W,7.00,10.00,,,30.05,30.14,FEW,mostly clear,OVC,overcast,,,,,,,,,,,,,,,,,,,,,,,,
KLAX,America/Los_Angeles,2017-03-21,55.94,64.94,51.98,57.92,0.00,11.51,17.26,E,1.50,10.00,0.05,,30.05,30.11,FEW,mostly clear,OVC,overcast,-RA,light rain,BR,mist,,,,,,,,,,,,,,,,,,,,
KLAX,America/Los_Angeles,2017-03-22,57.02,64.04,48.92,57.92,0.00,26.47,31.07,W,1.50,10.00,0.01,,29.96,30.05,FEW,mostly clear,VV,overcast,-RA,light rain,BR,mist,,,,,,,,,,,,,,,,,,,,
KLAX,America/Los_Angeles,2017-03-23,55.04,64.94,37.04,51.98,0.00,20.71,23.02,W,10.00,10.00,,,30.00,30.23,CLR,clear,SCT,partly cloudy,,,,,,,,,,,,,,,,,,,,,,,,
KLAX,America/Los_Angeles,2017-03-24,51.08,66.02,46.04,53.96,3.45,19.56,,W,9.00,10.00,,,30.16,30.26,FEW,mostly clear,BKN,mostly cloudy,,,,,,,,,,,,,,,,,,,,,,,,
KLAX,America/Los_Angeles,2017-03-25,55.94,64.94,51.08,55.94,0.00,18.41,18.41,W,10.00,10.00,0.00,,30.03,30.17,FEW,mostly clear,BKN,mostly cloudy,,,,,,,,,,,,,,,,,,,,,,,,
KLAX,America/Los_Angeles,2017-03-26,53.96,64.94,51.98,55.04,0.00,17.26,,W,6.00,10.00,,,30.02,30.08,FEW,mostly clear,BKN,mostly cloudy,HZ,haze,,,,,,,,,,,,,,,,,,,,,,
KLAX,America/Los_Angeles,2017-03-27,53.96,66.92,33.08,53.96,0.00,26.47,37.98,W,7.00,10.00,,,29.93,30.05,CLR,clear,BKN,mostly cloudy,,,,,,,,,,,,,,,,,,,,,,,,
KLAX,America/Los_Angeles,2017-03-28,55.04,73.04,35.96,53.06,0.00,17.26,27.62,SW,10.00,10.00,,,29.94,30.04,CLR,clear,SCT,partly cloudy,,,,,,,,,,,,,,,,,,,,,,,,
KLAX,America/Los_Angeles,2017-03-29,55.94,73.94,44.96,53.96,0.00,14.96,,W,10.00,10.00,,,29.99,30.05,CLR,clear,SCT,partly cloudy,,,,,,,,,,,,,,,,,,,,,,,,
KLAX,America/Los_Angeles,2017-03-30,55.94,66.92,24.98,57.02,0.00,29.92,36.82,W,7.00,10.00,,,29.75,30.01,CLR,clear,SCT,partly cloudy,,,,,,,,,,,,,,,,,,,,,,,,
KLAX,America/Los_Angeles,2017-03-31,55.04,71.96,24.08,50.00,3.45,18.41,27.62,W,10.00,10.00,,,29.78,29.92,CLR,clear,FEW,mostly clear,,,,,,,,,,,,,,,,,,,,,,,,
KLAX,America/Los_Angeles,2017-04-01,51.98,68.00,37.94,53.06,0.00,13.81,,W,10.00,10.00,,,29.92,30.00,CLR,clear,FEW,mostly clear,,,,,,,,,,,,,,,,,,,,,,,,
KLAX,America/Los_Angeles,2017-04-02,53.96,69.98,48.92,57.02,0.00,12.66,,W,7.00,10.00,,,29.94,30.02,CLR,clear,OVC,overcast,BCFG,patches of fog,,,,,,,,,,,,,,,,,,,,,,
KLAX,America/Los_Angeles,2017-04-03,55.94,64.04,50.00,53.06,0.00,13.81,,W,8.00,10.00,,,29.89,29.96,SCT,partly cloudy,OVC,overcast,,,,,,,,,,,,,,,,,,,,,,,,
KLAX,America/Los_Angeles,2017-04-04,57.02,66.02,50.00,55.04,0.00,17.26,,W,7.00,10.00,,,29.96,30.05,FEW,mostly clear,OVC,overcast,,,,,,,,,,,,,,,,,,,,,,,,
KLAX,America/Los_Angeles,2017-04-05,55.94,75.02,48.92,57.02,0.00,13.81,,W,5.00,10.00,,,29.99,30.05,CLR,clear,BKN,mostly cloudy,HZ,haze,BR,mist,,,,,,,,,,,,,,,,,,,,
KLAX,America/Los_Angeles,2017-04-06,55.94,66.92,53.96,57.02,0.00,16.11,,W,0.25,10.00,,,29.97,30.05,CLR,clear,VV,overcast,HZ,haze,FG,fog,BR,mist,,,,,,,,,,,,,,,,,,
KLAX,America/Los_Angeles,2017-04-07,57.02,66.02,51.08,55.94,3.45,13.81,,W,2.50,10.00,0.01,,29.99,30.08,CLR,clear,OVC,overcast,-RA,light rain,BR,mist,,,,,,,,,,,,,,,,,,,,
KLAX,America/Los_Angeles,2017-04-08,55.94,64.04,35.06,57.02,3.45,29.92,33.37,W,2.00,10.00,0.37,,29.96,30.07,CLR,clear,OVC,overcast,+RA,heavy rain,RA,rain,-RA,light rain,BR,mist,,,,,,,,,,,,,,,,
KLAX,America/Los_Angeles,2017-04-09,53.06,66.02,30.92,51.98,0.00,18.41,,W,10.00,10.00,,,30.01,30.10,CLR,clear,OVC,overcast,,,,,,,,,,,,,,,,,,,,,,,,
KLAX,America/Los_Angeles,2017-04-10,51.08,71.06,39.02,51.98,0.00,16.11,,W,10.00,10.00,,,29.98,30.07,CLR,clear,SCT,partly cloudy,,,,,,,,,,,,,,,,,,,,,,,,
KLAX,America/Los_Angeles,2017-04-11,53.06,69.98,41.00,55.04,0.00,20.71,25.32,W,9.00,10.00,,,29.97,30.04,CLR,clear,BKN,mostly cloudy,,,,,,,,,,,,,,,,,,,,,,,,
KLAX,America/Los_Angeles,2017-04-12,53.06,66.92,51.98,59.18,0.00,21.86,27.62,W,2.50,10.00,,,30.00,30.06,CLR,clear,OVC,overcast,BR,mist,,,,,,,,,,,,,,,,,,,,,,
KLAX,America/Los_Angeles,2017-04-13,53.96,66.92,48.02,55.94,0.00,24.17,28.77,W,8.00,10.00,,,29.99,30.06,CLR,clear,BKN,mostly cloudy,,,,,,,,,,,,,,,,,,,,,,,,
KLAX,America/Los_Angeles,2017-04-14,51.98,64.94,39.02,51.08,0.00,17.26,26.47,W,9.00,10.00,,,29.94,30.01,CLR,clear,FEW,mostly clear,,,,,,,,,,,,,,,,,,,,,,,,
KLAX,America/Los_Angeles,2017-04-15,51.08,69.98,42.08,55.04,0.00,13.81,,W,10.00,10.00,,,29.94,30.00,CLR,clear,SCT,partly cloudy,,,,,,,,,,,,,,,,,,,,,,,,
KLAX,America/Los_Angeles,2017-04-16,53.96,69.08,46.94,53.96,0.00,18.41,,W,10.00,10.00,,,29.96,30.06,CLR,clear,BKN,mostly cloudy,,,,,,,,,,,,,,,,,,,,,,,,
KLAX,America/Los_Angeles,2017-04-17,53.96,69.98,44.06,60.08,0.00,17.26,,W,0.25,10.00,,,30.04,30.10,FEW,mostly clear,VV,overcast,FG,fog,BR,mist,,,,,,,,,,,,,,,,,,,,
KLAX,America/Los_Angeles,2017-04-18,57.02,73.04,55.94,60.08,0.00,16.11,,W,0.50,10.00,0.00,,30.06,30.13,FEW,mostly clear,VV,overcast,-DZ,light drizzle,HZ,haze,FG,fog,BR,mist,BCFG,patches of fog,,,,,,,,,,,,,,
KLAX,America/Los_Angeles,2017-04-19,59.00,68.00,53.06,57.92,3.45,17.26,25.32,W,2.50,10.00,0.00,,30.06,30.14,CLR,clear,VV,overcast,BR,mist,,,,,,,,,,,,,,,,,,,,,,
KLAX,America/Los_Angeles,2017-04-20,55.04,73.04,39.02,55.94,0.00,25.32,34.52,W,7.00,10.00,,,29.97,30.09,CLR,clear,FEW,mostly clear,,,,,,,,,,,,,,,,,,,,,,,,
KLAX,America/Los_Angeles,2017-04-21,57.02,80.06,42.08,57.92,0.00,17.26,,W,7.00,10.00,,,29.82,29.97,CLR,clear,FEW,mostly clear,,,,,,,,,,,,,,,,,,,,,,,,
KLAX,America/Los_Angeles,2017-04-22,60.08,77.00,48.92,59.00,0.00,18.41,,W,9.00,10.00,,,29.83,29.90,CLR,clear,BKN,mostly cloudy,,,,,,,,,,,,,,,,,,,,,,,,
KLAX,America/Los_Angeles,2017-04-23,57.92,73.04,51.08,57.92,3.45,19.56,27.62,W,9.00,10.00,,,29.83,29.89,CLR,clear,BKN,mostly cloudy,,,,,,,,,,,,,,,,,,,,,,,,
KLAX,America/Los_Angeles,2017-04-24,57.92,66.92,51.08,55.94,0.00,23.02,,W,7.00,10.00,,,29.86,29.95,CLR,clear,BKN,mostly cloudy,,,,,,,,,,,,,,,,,,,,,,,,
KLAX,America/Los_Angeles,2017-04-25,60.08,71.96,33.08,55.04,5.75,23.02,34.52,W,10.00,10.00,,,29.84,29.93,FEW,mostly clear,BKN,mostly cloudy,,,,,,,,,,,,,,,,,,,,,,,,
KLAX,America/Los_Angeles,2017-04-26,57.02,69.98,48.92,55.94,0.00,23.02,28.77,SW,8.00,10.00,,,29.82,29.92,FEW,mostly clear,BKN,mostly cloudy,,,,,,,,,,,,,,,,,,,,,,,,
KLAX,America/Los_Angeles,2017-04-27,57.02,75.02,32.00,57.02,0.00,20.71,37.98,W,7.00,10.00,,,29.73,29.83,FEW,mostly clear,BKN,mostly cloudy,,,,,,,,,,,,,,,,,,,,,,,,
KLAX,America/Los_Angeles,2017-04-28,66.02,82.04,24.98,50.00,11.51,27.62,35.67,N,10.00,10.00,,,29.69,29.84,CLR,clear,BKN,mostly cloudy,,,,,,,,,,,,,,,,,,,,,,,,
KLAX,America/Los_Angeles,2017-04-29,62.06,78.98,10.94,46.94,0.00,21.86,,W,10.00,10.00,,,29.86,30.05,CLR,clear,CLR,clear,,,,,,,,,,,,,,,,,,,,,,,,
KLAX,America/Los_Angeles,2017-04-30,55.04,78.98,26.96,57.02,0.00,14.96,,W,10.00,10.00,,,29.99,30.08,CLR,clear,FEW,mostly clear,,,,,,,,,,,,,,,,,,,,,,,,
KLAX,America/Los_Angeles,2017-05-01,55.94,75.92,42.98,60.08,0.00,14.96,,W,9.00,10.00,,,29.87,29.99,CLR,clear,FEW,mostly clear,,,,,,,,,,,,,,,,,,,,,,,,
KLAX,America/Los_Angeles,2017-05-02,59.00,71.96,51.08,60.98,0.00,11.51,,W,1.00,10.00,,,29.87,29.94,FEW,mostly clear,OVC,overcast,HZ,haze,BR,mist,BCFG,patches of fog,,,,,,,,,,,,,,,,,,
KLAX,America/Los_Angeles,2017-05-03,60.98,71.06,55.04,60.80,0.00,13.81,,W,7.00,10.00,,,29.91,29.99,FEW,mostly clear,BKN,mostly cloudy,,,,,,,,,,,,,,,,,,,,,,,,
KLAX,America/Los_Angeles,2017-05-04,59.00,68.00,55.94,59.00,0.00,17.26,26.47,W,2.00,10.00,,,29.91,29.99,CLR,clear,OVC,overcast,HZ,haze,BR,mist,,,,,,,,,,,,,,,,,,,,
KLAX,America/Los_Angeles,2017-05-05,57.02,64.04,53.96,57.02,0.00,13.81,,W,0.75,10.00,,,29.82,29.95,FEW,mostly clear,VV,overcast,BR,mist,,,,,,,,,,,,,,,,,,,,,,
KLAX,America/Los_Angeles,2017-05-06,53.96,62.96,44.06,55.94,4.60,31.07,35.67,W,5.00,10.00,0.00,,29.72,29.84,FEW,mostly clear,OVC,overcast,-RA,light rain,,,,,,,,,,,,,,,,,,,,,,
KLAX,America/Los_Angeles,2017-05-07,50.00,62.06,42.98,53.06,0.00,16.11,19.56,W,6.00,10.00,0.13,,29.80,29.93,FEW,mostly clear,OVC,overcast,VCTS,thunderstorm in the vicinity,-RA,light rain,-DZ,light drizzle,,,,,,,,,,,,,,,,,,
KLAX,America/Los_Angeles,2017-05-08,48.92,64.94,46.94,55.04,0.00,18.41,24.17,SW,8.00,10.00,,,29.82,29.94,FEW,mostly clear,BKN,mostly cloudy,,,,,,,,,,,,,,,,,,,,,,,,
KLAX,America/Los_Angeles,2017-05-09,55.04,69.98,51.08,55.04,0.00,16.11,25.32,SE,5.00,10.00,,,29.80,30.01,FEW,mostly clear,OVC,overcast,BR,mist,,,,,,,,,,,,,,,,,,,,,,
KLAX,America/Los_Angeles,2017-05-10,60.08,66.92,53.96,55.94,3.45,11.51,21.86,W,8.00,10.00,,,30.01,30.14,FEW,mostly clear,OVC,overcast,,,,,,,,,,,,,,,,,,,,,,,,
KLAX,America/Los_Angeles,2017-05-11,57.92,66.02,53.96,55.94,4.60,19.56,,W,10.00,10.00,,,30.06,30.14,FEW,mostly clear,BKN,mostly cloudy,,,,,,,,,,,,,,,,,,,,,,,,
KLAX,America/Los_Angeles,2017-05-12,57.92,66.92,51.98,57.02,0.00,18.41,20.71,W,5.00,10.00,,,29.89,30.07,FEW,mostly clear,OVC,overcast,HZ,haze,BR,mist,,,,,,,,,,,,,,,,,,,,
KLAX,America/Los_Angeles,2017-05-13,55.94,69.08,35.06,53.06,0.00,18.41,,W,9.00,10.00,,,29.82,29.91,CLR,clear,FEW,mostly clear,,,,,,,,,,,,,,,,,,,,,,,,
KLAX,America/Los_Angeles,2017-05-14,53.06,71.06,46.04,53.06,0.00,14.96,21.86,S,10.00,10.00,,,29.85,29.90,CLR,clear,BKN,mostly cloudy,,,,,,,,,,,,,,,,,,,,,,,,
KLAX,America/Los_Angeles,2017-05-15,55.04,64.04,46.04,51.08,5.75,18.41,23.02,W,7.00,10.00,,,29.88,29.97,CLR,clear,OVC,overcast,,,,,,,,,,,,,,,,,,,,,,,,
KLAX,America/Los_Angeles,2017-05-16,55.04,64.94,46.94,50.00,0.00,14.96,19.56,W,8.00,10.00,,,29.96,30.05,FEW,mostly clear,BKN,mostly cloudy,,,,,,,,,,,,,,,,,,,,,,,,
KLAX,America/Los_Angeles,2017-05-17,55.40,64.94,48.92,53.96,0.00,18.41,20.71,W,8.00,10.00,,,29.86,30.00,CLR,clear,BKN,mostly cloudy,,,,,,,,,,,,,,,,,,,,,,,,
KLAX,America/Los_Angeles,2017-05-18,55.04,68.00,50.00,55.94,0.00,16.11,23.02,W,8.00,10.00,,,29.85,29.92,CLR,clear,BKN,mostly cloudy,,,,,,,,,,,,,,,,,,,,,,,,
KLAX,America/Los_Angeles,2017-05-19,59.00,78.08,46.94,59.00,0.00,19.56,,W,10.00,10.00,,,29.88,29.94,CLR,clear,FEW,mostly clear,,,,,,,,,,,,,,,,,,,,,,,,
KLAX,America/Los_Angeles,2017-05-20,62.06,86.00,37.94,57.02,0.00,17.26,,W,10.00,10.00,,,29.81,29.91,CLR,clear,CLR,clear,,,,,,,,,,,,,,,,,,,,,,,,
KLAX,America/Los_Angeles,2017-05-21,60.98,73.04,55.04,60.08,0.00,14.96,,W,10.00,10.00,,,29.84,29.95,CLR,clear,SCT,partly cloudy,,,,,,,,,,,,,,,,,,,,,,,,
KLAX,America/Los_Angeles,2017-05-22,59.00,68.00,57.02,59.00,0.00,16.11,,W,1.00,10.00,,,29.91,29.99,FEW,mostly clear,VV,overcast,HZ,haze,BR,mist,,,,,,,,,,,,,,,,,,,,
KLAX,America/Los_Angeles,2017-05-23,57.92,69.08,55.94,59.00,0.00,20.71,26.47,W,1.50,10.00,,,29.88,29.98,FEW,mostly clear,OVC,overcast,HZ,haze,BR,mist,BCFG,patches of fog,,,,,,,,,,,,,,,,,,
KLAX,America/Los_Angeles,2017-05-24,57.92,66.02,51.98,57.20,0.00,17.26,,W,2.50,10.00,,,29.81,29.91,FEW,mostly clear,OVC,overcast,BR,mist,,,,,,,,,,,,,,,,,,,,,,
KLAX,America/Los_Angeles,2017-05-25,59.00,64.94,48.92,53.96,0.00,13.81,,SW,8.00,10.00,,,29.85,29.92,FEW,mostly clear,OVC,overcast,,,,,,,,,,,,,,,,,,,,,,,,
KLAX,America/Los_Angeles,2017-05-26,60.08,69.08,51.08,55.94,0.00,16.11,,W,9.00,10.00,,,29.92,30.02,FEW,mostly clear,OVC,overcast,,,,,,,,,,,,,,,,,,,,,,,,
KLAX,America/Los_Angeles,2017-05-27,57.92,68.00,51.08,57.02,6.90,17.26,,W,10.00,10.00,,,30.01,30.07,CLR,clear,OVC,overcast,,,,,,,,,,,,,,,,,,,,,,,,
KLAX,America/Los_Angeles,2017-05-28,57.92,68.00,55.04,57.92,3.45,17.26,23.02,W,10.00,10.00,,,29.95,30.03,CLR,clear,BKN,mostly cloudy,,,,,,,,,,,,,,,,,,,,,,,,
KLAX,America/Los_Angeles,2017-05-29,60.08,66.92,55.04,57.92,0.00,14.96,,W,5.00,10.00,,,29.88,29.96,FEW,mostly clear,OVC,overcast,BR,mist,,,,,,,,,,,,,,,,,,,,,,
KLAX,America/Los_Angeles,2017-05-30,60.98,66.92,55.94,57.92,0.00,12.66,,W,5.00,10.00,,,29.88,29.94,FEW,mostly clear,OVC,overcast,HZ,haze,BR,mist,,,,,,,,,,,,,,,,,,,,
KLAX,America/Los_Angeles,2017-05-31,60.08,64.94,57.02,57.92,0.00,12.66,,W,3.00,10.00,0.00,,29.83,29.91,FEW,mostly clear,OVC,overcast,-RA,light rain,HZ,haze,BR,mist,,,,,,,,,,,,,,,,,,
KLAX,America/Los_Angeles,2017-06-01,60.98,69.98,57.02,59.00,0.00,14.96,,W,7.00,10.00,,,29.84,29.89,CLR,clear,OVC,overcast,,,,,,,,,,,,,,,,,,,,,,,,
KLAX,America/Los_Angeles,2017-06-02,60.08,69.08,57.02,60.08,0.00,16.11,,W,5.00,10.00,,,29.82,29.90,FEW,mostly clear,OVC,overcast,HZ,haze,BR,mist,,,,,,,,,,,,,,,,,,,,
KLAX,America/Los_Angeles,2017-06-03,60.98,71.06,59.00,60.98,0.00,12.66,,W,3.00,10.00,,,29.86,29.92,FEW,mostly clear,OVC,overcast,HZ,haze,BR,mist,,,,,,,,,,,,,,,,,,,,
KLAX,America/Los_Angeles,2017-06-04,60.98,66.92,59.00,60.98,0.00,11.51,,W,1.75,10.00,,,29.85,29.92,FEW,mostly clear,OVC,overcast,HZ,haze,BR,mist,,,,,,,,,,,,,,,,,,,,
KLAX,America/Los_Angeles,2017-06-05,60.08,69.08,57.92,60.08,0.00,13.81,21.86,W,2.50,10.00,,,29.84,29.91,FEW,mostly clear,OVC,overcast,HZ,haze,BR,mist,,,,,,,,,,,,,,,,,,,,
KLAX,America/Los_Angeles,2017-06-06,62.06,68.00,57.92,60.08,3.45,12.66,,W,2.50,10.00,,,29.89,29.96,FEW,mostly clear,OVC,overcast,HZ,haze,BR,mist,BCFG,patches of fog,,,,,,,,,,,,,,,,,,
KLAX,America/Los_Angeles,2017-06-07,60.98,68.00,57.92,60.80,3.45,13.81,,W,2.50,10.00,0.00,,29.92,29.99,FEW,mostly clear,OVC,overcast,-DZ,light drizzle,HZ,haze,BR,mist,,,,,,,,,,,,,,,,,,
KLAX,America/Los_Angeles,2017-06-08,60.08,68.00,53.06,60.08,5.75,21.86,,W,2.50,10.00,0.00,,29.94,30.04,FEW,mostly clear,OVC,overcast,-DZ,light drizzle,BR,mist,,,,,,,,,,,,,,,,,,,,
KLAX,America/Los_Angeles,2017-06-09,57.92,69.98,53.96,60.98,0.00,20.71,,W,9.00,10.00,,,29.88,29.96,FEW,mostly clear,OVC,overcast,,,,,,,,,,,,,,,,,,,,,,,,
KLAX,America/Los_Angeles,2017-06-10,60.98,68.00,55.94,60.08,0.00,14.96,,W,9.00,10.00,,,29.85,29.90,FEW,mostly clear,OVC,overcast,,,,,,,,,,,,,,,,,,,,,,,,
KLAX,America/Los_Angeles,2017-06-11,60.98,68.00,50.00,59.00,4.60,18.41,25.32,W,10.00,10.00,0.00,,29.85,29.96,FEW,mostly clear,OVC,overcast,,,,,,,,,,,,,,,,,,,,,,,,
KLAX,America/Los_Angeles,2017-06-12,57.02,71.06,42.08,55.94,3.45,20.71,27.62,W,10.00,10.00,,,29.94,30.05,CLR,clear,SCT,partly cloudy,,,,,,,,,,,,,,,,,,,,,,,,
KLAX,America/Los_Angeles,2017-06-13,57.02,71.96,53.06,57.02,0.00,16.11,,W,10.00,10.00,,,29.86,29.96,CLR,clear,FEW,mostly clear,,,,,,,,,,,,,,,,,,,,,,,,
KLAX,America/Los_Angeles,2017-06-14,60.98,73.94,55.94,60.98,0.00,14.96,,W,10.00,10.00,,,29.86,29.90,CLR,clear,FEW,mostly clear,MIFG,shallow fog,,,,,,,,,,,,,,,,,,,,,,
KLAX,America/Los_Angeles,2017-06-15,62.06,78.08,55.94,62.96,0.00,12.66,,W,10.00,10.00,,,29.87,29.93,CLR,clear,SCT,partly cloudy,MIFG,shallow fog,,,,,,,,,,,,,,,,,,,,,,
KLAX,America/Los_Angeles,2017-06-16,62.96,77.00,59.00,64.04,0.00,12.66,,W,2.00,10.00,,,29.84,29.91,CLR,clear,SCT,partly cloudy,BR,mist,BCFG,patches of fog,,,,,,,,,,,,,,,,,,,,
KLAX,America/Los_Angeles,2017-06-17,62.06,73.94,60.08,62.96,0.00,14.96,,W,3.00,10.00,,,29.81,29.89,CLR,clear,OVC,overcast,BR,mist,,,,,,,,,,,,,,,,,,,,,,
KLAX,America/Los_Angeles,2017-06-18,60.98,73.04,60.98,62.06,0.00,13.81,,W,0.75,10.00,,,29.77,29.84,FEW,mostly clear,OVC,overcast,HZ,haze,BR,mist,BCFG,patches of fog,,,,,,,,,,,,,,,,,,
KLAX,America/Los_Angeles,2017-06-19,60.98,73.04,60.98,62.96,0.00,14.96,,W,0.25,10.00,,,29.79,29.87,FEW,mostly clear,VV,overcast,FG,fog,BR,mist,BCFG,patches of fog,MIFG,shallow fog,,,,,,,,,,,,,,,,
KLAX,America/Los_Angeles,2017-06-20,60.98,71.06,60.08,62.06,0.00,16.11,,W,0.12,10.00,,,29.79,29.88,FEW,mostly clear,VV,overcast,FG,fog,BR,mist,BCFG,patches of fog,,,,,,,,,,,,,,,,,,
KLAX,America/Los_Angeles,2017-06-21,62.06,71.96,60.08,62.06,3.45,12.66,,W,0.50,10.00,,,29.70,29.81,CLR,clear,VV,overcast,FG,fog,BR,mist,BCFG,patches of fog,MIFG,shallow fog,,,,,,,,,,,,,,,,
KLAX,America/Los_Angeles,2017-06-22,62.96,73.04,60.08,62.60,0.00,12.66,,W,2.50,10.00,,,29.74,29.89,CLR,clear,OVC,overcast,HZ,haze,BR,mist,,,,,,,,,,,,,,,,,,,,
KLAX,America/Los_Angeles,2017-06-23,62.06,69.08,60.08,62.06,3.45,17.26,,W,1.50,10.00,,,29.86,29.92,FEW,mostly clear,OVC,overcast,BR,mist,,,,,,,,,,,,,,,,,,,,,,
KLAX,America/Los_Angeles,2017-06-24,60.98,69.98,59.00,62.06,0.00,16.11,,W,0.75,10.00,,,29.85,29.92,CLR,clear,OVC,overcast,HZ,haze,BR,mist,,,,,,,,,,,,,,,,,,,,
KLAX,America/Los_Angeles,2017-06-25,62.96,75.92,60.08,62.06,0.00,21.86,27.62,W,9.00,10.00,,,29.86,29.91,CLR,clear,SCT,partly cloudy,,,,,,,,,,,,,,,,,,,,,,,,
KLAX,America/Los_Angeles,2017-06-26,64.94,80.96,55.04,62.96,0.00,16.11,,W,10.00,10.00,,,29.88,29.93,CLR,clear,FEW,mostly clear,,,,,,,,,,,,,,,,,,,,,,,,
KLAX,America/Los_Angeles,2017-06-27,62.96,75.92,55.94,62.06,0.00,14.96,,W,10.00,10.00,,,29.84,29.90,CLR,clear,FEW,mostly clear,,,,,,,,,,,,,,,,,,,,,,,,
KLAX,America/Los_Angeles,2017-06-28,62.06,71.06,59.00,60.98,0.00,13.81,,W,9.00,10.00,,,29.85,29.91,CLR,clear,OVC,overcast,,,,,,,,,,,,,,,,,,,,,,,,
KLAX,America/Los_Angeles,2017-06-29,64.04,71.06,57.02,60.08,0.00,12.66,,W,7.00,10.00,,,29.89,29.96,CLR,clear,OVC,overcast,,,,,,,,,,,,,,,,,,,,,,,,
KLAX,America/Los_Angeles,2017-06-30,62.06,71.06,57.92,60.08,0.00,13.81,,W,7.00,10.00,,,29.85,29.93,FEW,mostly clear,OVC,overcast,,,,,,,,,,,,,,,,,,,,,,,,
KLAX,America/Los_Angeles,2017-07-01,62.06,71.06,59.00,62.06,0.00,12.66,21.86,W,3.00,10.00,,,29.84,29.92,FEW,mostly clear,OVC,overcast,HZ,haze,BR,mist,,,,,,,,,,,,,,,,,,,,
KLAX,America/Los_Angeles,2017-07-02,64.04,73.04,59.00,60.98,0.00,12.66,,W,5.00,10.00,,,29.90,30.01,CLR,clear,OVC,overcast,HZ,haze,,,,,,,,,,,,,,,,,,,,,,
KLAX,America/Los_Angeles,2017-07-03,62.96,73.94,59.00,62.60,0.00,14.96,,W,6.00,10.00,,,29.94,30.08,CLR,clear,OVC,overcast,HZ,haze,BR,mist,,,,,,,,,,,,,,,,,,,,
KLAX,America/Los_Angeles,2017-07-04,62.06,73.04,60.98,62.96,3.45,18.41,,W,6.00,10.00,,,29.90,30.02,CLR,clear,BKN,mostly cloudy,BR,mist,,,,,,,,,,,,,,,,,,,,,,
KLAX,America/Los_Angeles,2017-07-05,62.96,75.92,60.98,64.04,0.00,13.81,,W,7.00,10.00,,,29.92,29.99,FEW,mostly clear,BKN,mostly cloudy,,,,,,,,,,,,,,,,,,,,,,,,
KLAX,America/Los_Angeles,2017-07-06,64.04,75.92,59.00,64.94,0.00,16.11,,W,7.00,10.00,,,29.90,30.02,CLR,clear,SCT,partly cloudy,,,,,,,,,,,,,,,,,,,,,,,,
KLAX,America/Los_Angeles,2017-07-07,66.02,82.04,60.08,64.94,0.00,12.66,,W,7.00,10.00,,,29.82,29.91,FEW,mostly clear,SCT,partly cloudy,MIFG,shallow fog,,,,,,,,,,,,,,,,,,,,,,
KLAX,America/Los_Angeles,2017-07-08,69.98,86.00,60.98,66.92,0.00,14.96,20.71,W,10.00,10.00,,,29.79,29.88,CLR,clear,BKN,mostly cloudy,,,,,,,,,,,,,,,,,,,,,,,,
KLAX,America/Los_Angeles,2017-07-09,69.98,84.92,62.06,69.08,0.00,12.66,23.02,W,6.00,10.00,,,29.87,29.93,FEW,mostly clear,BKN,mostly cloudy,BR,mist,,,,,,,,,,,,,,,,,,,,,,
KLAX,America/Los_Angeles,2017-07-10,69.08,82.94,64.94,68.00,0.00,13.81,,W,8.00,10.00,,,29.86,29.93,FEW,mostly clear,BKN,mostly cloudy,,,,,,,,,,,,,,,,,,,,,,,,
KLAX,America/Los_Angeles,2017-07-11,66.92,77.00,64.04,66.92,0.00,16.11,,W,5.00,10.00,,,29.89,29.95,CLR,clear,OVC,overcast,HZ,haze,BR,mist,,,,,,,,,,,,,,,,,,,,
KLAX,America/Los_Angeles,2017-07-12,64.94,75.02,62.96,64.94,0.00,14.96,,W,5.00,10.00,,,29.91,29.98,FEW,mostly clear,OVC,overcast,BR,mist,,,,,,,,,,,,,,,,,,,,,,
KLAX,America/Los_Angeles,2017-07-13,64.94,73.94,62.06,64.94,0.00,16.11,,W,2.00,10.00,,,29.96,30.02,FEW,mostly clear,OVC,overcast,HZ,haze,BR,mist,,,,,,,,,,,,,,,,,,,,
KLAX,America/Los_Angeles,2017-07-14,64.04,73.04,62.06,64.04,0.00,14.96,,W,6.00,10.00,,,29.95,30.03,FEW,mostly clear,OVC,overcast,HZ,haze,BR,mist,,,,,,,,,,,,,,,,,,,,
KLAX,America/Los_Angeles,2017-07-15,64.94,78.98,62.06,66.02,0.00,13.81,,W,9.00,10.00,,,29.89,29.97,CLR,clear,BKN,mostly cloudy,,,,,,,,,,,,,,,,,,,,,,,,
KLAX,America/Los_Angeles,2017-07-16,66.92,80.06,64.04,66.92,0.00,13.81,18.41,W,10.00,10.00,,,29.82,29.91,CLR,clear,BKN,mostly cloudy,,,,,,,,,,,,,,,,,,,,,,,,
KLAX,America/Los_Angeles,2017-07-17,68.00,77.00,64.04,66.92,0.00,13.81,,W,8.00,10.00,,,29.84,29.93,CLR,clear,BKN,mostly cloudy,,,,,,,,,,,,,,,,,,,,,,,,
KLAX,America/Los_Angeles,2017-07-18,66.92,77.00,64.40,66.02,0.00,18.41,,W,6.00,10.00,,,29.90,29.96,FEW,mostly clear,OVC,overcast,BR,mist,,,,,,,,,,,,,,,,,,,,,,
KLAX,America/Los_Angeles,2017-07-19,66.92,77.00,64.04,66.02,0.00,14.96,,W,5.00,10.00,,,29.92,30.00,FEW,mostly clear,BKN,mostly cloudy,HZ,haze,BR,mist,,,,,,,,,,,,,,,,,,,,
KLAX,America/Los_Angeles,2017-07-20,66.92,78.98,60.98,66.02,0.00,14.96,,W,5.00,10.00,,,29.92,30.02,CLR,clear,BKN,mostly cloudy,HZ,haze,BR,mist,,,,,,,,,,,,,,,,,,,,
KLAX,America/Los_Angeles,2017-07-21,66.02,77.00,62.96,66.02,0.00,16.11,,W,6.00,10.00,,,29.88,29.97,CLR,clear,BKN,mostly cloudy,BR,mist,,,,,,,,,,,,,,,,,,,,,,
KLAX,America/Los_Angeles,2017-07-22,66.92,75.92,62.06,66.02,0.00,12.66,,W,6.00,10.00,,,29.84,29.93,CLR,clear,OVC,overcast,BR,mist,,,,,,,,,,,,,,,,,,,,,,
KLAX,America/Los_Angeles,2017-07-23,66.92,75.92,62.96,66.02,3.45,13.81,,W,7.00,10.00,,,29.82,29.91,FEW,mostly clear,OVC,overcast,,,,,,,,,,,,,,,,,,,,,,,,
KLAX,America/Los_Angeles,2017-07-24,66.92,75.92,62.96,64.94,0.00,13.81,,W,8.00,10.00,,,29.87,29.94,FEW,mostly clear,BKN,mostly cloudy,,,,,,,,,,,,,,,,,,,,,,,,
KLAX,America/Los_Angeles,2017-07-25,68.00,75.92,62.06,64.94,5.75,17.26,23.02,W,8.00,10.00,,,29.93,30.00,FEW,mostly clear,OVC,overcast,,,,,,,,,,,,,,,,,,,,,,,,
KLAX,America/Los_Angeles,2017-07-26,66.92,75.02,62.96,64.40,3.45,19.56,21.86,W,8.00,10.00,,,29.94,30.02,CLR,clear,BKN,mostly cloudy,,,,,,,,,,,,,,,,,,,,,,,,
KLAX,America/Los_Angeles,2017-07-27,66.92,75.92,60.98,64.94,4.60,18.41,,W,8.00,10.00,,,29.87,29.98,FEW,mostly clear,BKN,mostly cloudy,,,,,,,,,,,,,,,,,,,,,,,,
KLAX,America/Los_Angeles,2017-07-28,66.02,73.94,62.06,64.94,0.00,13.81,,W,8.00,10.00,,,29.90,29.97,FEW,mostly clear,OVC,overcast,,,,,,,,,,,,,,,,,,,,,,,,
KLAX,America/Los_Angeles,2017-07-29,66.02,77.00,62.06,64.94,0.00,16.11,,W,8.00,10.00,,,29.95,30.05,CLR,clear,OVC,overcast,,,,,,,,,,,,,,,,,,,,,,,,
KLAX,America/Los_Angeles,2017-07-30,64.94,75.92,62.96,66.02,0.00,17.26,,W,9.00,10.00,,,29.98,30.06,FEW,mostly clear,OVC,overcast,,,,,,,,,,,,,,,,,,,,,,,,
KLAX,America/Los_Angeles,2017-07-31,64.94,73.04,62.06,64.04,0.00,17.26,21.86,W,7.00,10.00,,,29.87,30.03,FEW,mostly clear,OVC,overcast,,,,,,,,,,,,,,,,,,,,,,,,
KLAX,America/Los_Angeles,2017-08-01,66.92,80.96,62.96,66.02,0.00,14.96,,W,8.00,10.00,0.00,,29.82,29.90,FEW,mostly clear,BKN,mostly cloudy,,,,,,,,,,,,,,,,,,,,,,,,
KLAX,America/Los_Angeles,2017-08-02,71.06,84.92,64.94,69.08,0.00,12.66,,W,8.00,10.00,,,29.87,29.94,FEW,mostly clear,BKN,mostly cloudy,,,,,,,,,,,,,,,,,,,,,,,,
KLAX,America/Los_Angeles,2017-08-03,73.04,82.94,64.94,69.98,0.00,17.26,,W,10.00,10.00,,,29.91,29.98,FEW,mostly clear,BKN,mostly cloudy,,,,,,,,,,,,,,,,,,,,,,,,
KLAX,America/Los_Angeles,2017-08-04,69.08,78.98,64.04,69.08,3.45,13.81,,W,8.00,10.00,,,29.89,29.98,FEW,mostly clear,BKN,mostly cloudy,,,,,,,,,,,,,,,,,,,,,,,,
KLAX,America/Los_Angeles,2017-08-05,68.00,78.08,64.04,66.92,0.00,13.81,,W,10.00,10.00,,,29.87,29.95,CLR,clear,OVC,overcast,,,,,,,,,,,,,,,,,,,,,,,,
KLAX,America/Los_Angeles,2017-08-06,68.00,77.00,62.96,66.02,0.00,16.11,20.71,W,9.00,10.00,,,29.87,29.93,FEW,mostly clear,OVC,overcast,,,,,,,,,,,,,,,,,,,,,,,,
KLAX,America/Los_Angeles,2017-08-07,66.92,75.02,62.96,64.94,0.00,18.41,,W,7.00,10.00,,,29.87,29.95,CLR,clear,OVC,overcast,,,,,,,,,,,,,,,,,,,,,,,,
KLAX,America/Los_Angeles,2017-08-08,66.92,75.92,62.96,64.94,0.00,14.96,,W,8.00,10.00,,,29.85,29.94,CLR,clear,FEW,mostly clear,,,,,,,,,,,,,,,,,,,,,,,,
KLAX,America/Los_Angeles,2017-08-09,66.92,75.02,62.96,64.94,0.00,13.81,,W,8.00,10.00,,,29.87,29.94,CLR,clear,BKN,mostly cloudy,,,,,,,,,,,,,,,,,,,,,,,,
KLAX,America/Los_Angeles,2017-08-10,66.02,75.02,64.04,66.02,0.00,14.96,,W,8.00,10.00,,,29.87,29.94,FEW,mostly clear,SCT,partly cloudy,,,,,,,,,,,,,,,,,,,,,,,,
KLAX,America/Los_Angeles,2017-08-11,66.02,73.04,62.96,64.94,3.45,17.26,,W,6.00,10.00,,,29.81,29.91,CLR,clear,OVC,overcast,HZ,haze,BR,mist,,,,,,,,,,,,,,,,,,,,
KLAX,America/Los_Angeles,2017-08-12,64.94,75.92,62.96,64.94,0.00,14.96,,W,4.00,10.00,,,29.85,29.94,CLR,clear,OVC,overcast,HZ,haze,BR,mist,,,,,,,,,,,,,,,,,,,,
KLAX,America/Los_Angeles,2017-08-13,64.94,75.02,62.06,64.04,0.00,13.81,,W,7.00,10.00,,,29.87,29.96,CLR,clear,OVC,overcast,,,,,,,,,,,,,,,,,,,,,,,,
KLAX,America/Los_Angeles,2017-08-14,66.02,73.94,60.98,62.96,0.00,16.11,,W,6.00,10.00,,,29.85,29.92,FEW,mostly clear,OVC,overcast,HZ,haze,,,,,,,,,,,,,,,,,,,,,,
KLAX,America/Los_Angeles,2017-08-15,64.40,73.04,60.08,62.96,0.00,13.81,19.56,W,7.00,10.00,,,29.88,29.93,FEW,mostly clear,OVC,overcast,,,,,,,,,,,,,,,,,,,,,,,,
KLAX,America/Los_Angeles,2017-08-16,66.02,73.04,57.02,62.06,0.00,16.11,,W,8.00,10.00,,,29.93,29.99,CLR,clear,OVC,overcast,,,,,,,,,,,,,,,,,,,,,,,,
KLAX,America/Los_Angeles,2017-08-17,66.02,75.02,60.98,62.96,0.00,16.11,21.86,W,8.00,10.00,,,29.96,30.03,CLR,clear,BKN,mostly cloudy,,,,,,,,,,,,,,,,,,,,,,,,
KLAX,America/Los_Angeles,2017-08-18,64.94,73.94,62.06,62.96,0.00,17.26,21.86,W,8.00,10.00,,,29.93,30.02,FEW,mostly clear,BKN,mostly cloudy,,,,,,,,,,,,,,,,,,,,,,,,
KLAX,America/Los_Angeles,2017-08-19,66.02,73.04,60.98,62.96,3.45,14.96,19.56,W,10.00,10.00,,,29.89,29.98,FEW,mostly clear,OVC,overcast,,,,,,,,,,,,,,,,,,,,,,,,
KLAX,America/Los_Angeles,2017-08-20,66.02,75.02,60.98,62.06,0.00,16.11,,W,10.00,10.00,,,29.88,29.97,FEW,mostly clear,OVC,overcast,,,,,,,,,,,,,,,,,,,,,,,,
KLAX,America/Los_Angeles,2017-08-21,66.92,75.02,60.08,64.04,0.00,16.11,,W,8.00,10.00,,,29.95,30.01,CLR,clear,OVC,overcast,,,,,,,,,,,,,,,,,,,,,,,,
KLAX,America/Los_Angeles,2017-08-22,66.02,75.02,62.96,64.94,4.60,18.41,,W,8.00,10.00,,,29.93,30.03,FEW,mostly clear,BKN,mostly cloudy,,,,,,,,,,,,,,,,,,,,,,,,
KLAX,America/Los_Angeles,2017-08-23,66.02,73.04,60.98,64.04,0.00,14.96,,W,8.00,10.00,,,29.90,30.00,FEW,mostly clear,OVC,overcast,,,,,,,,,,,,,,,,,,,,,,,,
KLAX,America/Los_Angeles,2017-08-24,66.02,73.04,60.98,62.96,0.00,14.96,,W,7.00,10.00,,,29.78,29.93,FEW,mostly clear,OVC,overcast,,,,,,,,,,,,,,,,,,,,,,,,
KLAX,America/Los_Angeles,2017-08-25,66.92,73.94,62.96,64.94,0.00,11.51,,W,5.00,10.00,,,29.78,29.87,SCT,partly cloudy,OVC,overcast,HZ,haze,BR,mist,,,,,,,,,,,,,,,,,,,,
KLAX,America/Los_Angeles,2017-08-26,66.02,73.94,64.04,66.92,0.00,16.11,,W,0.75,10.00,,,29.87,29.96,FEW,mostly clear,VV,overcast,HZ,haze,BR,mist,,,,,,,,,,,,,,,,,,,,
KLAX,America/Los_Angeles,2017-08-27,64.94,71.96,64.04,66.02,0.00,16.11,,W,0.75,10.00,,,29.82,29.96,FEW,mostly clear,OVC,overcast,HZ,haze,BR,mist,,,,,,,,,,,,,,,,,,,,
KLAX,America/Los_Angeles,2017-08-28,64.94,75.02,64.04,66.20,3.45,17.26,,W,0.25,10.00,,,29.76,29.87,FEW,mostly clear,VV,overcast,HZ,haze,FG,fog,BR,mist,BCFG,patches of fog,,,,,,,,,,,,,,,,
KLAX,America/Los_Angeles,2017-08-29,66.92,82.04,62.06,66.92,0.00,13.81,,W,5.00,10.00,,,29.74,29.84,FEW,mostly clear,SCT,partly cloudy,HZ,haze,BR,mist,BCFG,patches of fog,,,,,,,,,,,,,,,,,,
KLAX,America/Los_Angeles,2017-08-30,69.08,82.04,62.06,66.92,0.00,13.81,,W,8.00,10.00,,,29.69,29.79,CLR,clear,BKN,mostly cloudy,,,,,,,,,,,,,,,,,,,,,,,,
KLAX,America/Los_Angeles,2017-08-31,71.96,91.04,62.96,68.00,0.00,13.81,,W,10.00,10.00,0.00,,29.68,29.77,FEW,mostly clear,BKN,mostly cloudy,,,,,,,,,,,,,,,,,,,,,,,,
KLAX,America/Los_Angeles,2017-09-01,73.04,91.04,66.02,69.98,0.00,16.11,,W,9.00,10.00,,,29.71,29.81,CLR,clear,BKN,mostly cloudy,,,,,,,,,,,,,,,,,,,,,,,,
KLAX,America/Los_Angeles,2017-09-02,73.94,93.92,62.96,69.08,0.00,11.51,17.26,SE,10.00,10.00,,,29.73,29.88,FEW,mostly clear,BKN,mostly cloudy,,,,,,,,,,,,,,,,,,,,,,,,
KLAX,America/Los_Angeles,2017-09-03,75.02,96.08,66.02,69.98,0.00,14.96,21.86,W,10.00,10.00,0.00,,29.86,29.97,CLR,clear,OVC,overcast,-RA,light rain,,,,,,,,,,,,,,,,,,,,,,
KLAX,America/Los_Angeles,2017-09-04,71.06,78.08,66.02,71.06,0.00,12.66,,W,9.00,10.00,0.06,,29.91,29.96,FEW,mostly clear,OVC,overcast,-RA,light rain,,,,,,,,,,,,,,,,,,,,,,
KLAX,America/Los_Angeles,2017-09-05,69.98,78.08,64.94,69.80,0.00,17.26,,W,8.00,10.00,,,29.91,30.00,CLR,clear,OVC,overcast,,,,,,,,,,,,,,,,,,,,,,,,
KLAX,America/Los_Angeles,2017-09-06,66.02,75.02,62.96,68.00,0.00,19.56,24.17,W,7.00,10.00,,,29.90,29.98,CLR,clear,BKN,mostly cloudy,,,,,,,,,,,,,,,,,,,,,,,,
KLAX,America/Los_Angeles,2017-09-07,66.92,75.92,60.08,66.02,0.00,21.86,26.47,W,9.00,10.00,,,29.81,29.93,CLR,clear,FEW,mostly clear,,,,,,,,,,,,,,,,,,,,,,,,
KLAX,America/Los_Angeles,2017-09-08,66.02,75.02,62.96,64.94,0.00,13.81,,W,7.00,10.00,,,29.84,29.93,CLR,clear,BKN,mostly cloudy,,,,,,,,,,,,,,,,,,,,,,,,
KLAX,America/Los_Angeles,2017-09-09,64.94,75.92,60.08,64.94,0.00,18.41,,W,9.00,10.00,,,29.92,29.99,FEW,mostly clear,OVC,overcast,,,,,,,,,,,,,,,,,,,,,,,,
KLAX,America/Los_Angeles,2017-09-10,64.94,80.96,59.00,66.02,0.00,16.11,,W,9.00,10.00,,,29.83,29.94,CLR,clear,OVC,overcast,,,,,,,,,,,,,,,,,,,,,,,,
KLAX,America/Los_Angeles,2017-09-11,69.08,80.96,64.04,68.00,0.00,18.41,,W,10.00,10.00,,,29.85,29.95,FEW,mostly clear,BKN,mostly cloudy,,,,,,,,,,,,,,,,,,,,,,,,
KLAX,America/Los_Angeles,2017-09-12,66.02,73.94,62.96,66.92,6.90,17.26,,W,0.25,10.00,,,29.86,29.96,FEW,mostly clear,VV,overcast,FG,fog,BR,mist,,,,,,,,,,,,,,,,,,,,
KLAX,America/Los_Angeles,2017-09-13,64.94,73.04,59.00,64.94,5.75,17.26,,W,8.00,10.00,,,29.85,29.93,FEW,mostly clear,OVC,overcast,,,,,,,,,,,,,,,,,,,,,,,,
KLAX,America/Los_Angeles,2017-09-14,62.96,73.04,59.00,62.06,0.00,18.41,,W,9.00,10.00,,,29.89,29.95,FEW,mostly clear,BKN,mostly cloudy,,,,,,,,,,,,,,,,,,,,,,,,
KLAX,America/Los_Angeles,2017-09-15,64.94,73.94,59.00,62.96,0.00,14.96,,W,8.00,10.00,,,29.87,29.94,FEW,mostly clear,BKN,mostly cloudy,,,,,,,,,,,,,,,,,,,,,,,,
KLAX,America/Los_Angeles,2017-09-16,64.04,75.02,60.08,62.96,0.00,14.96,,W,9.00,10.00,,,29.87,29.94,FEW,mostly clear,OVC,overcast,,,,,,,,,,,,,,,,,,,,,,,,
KLAX,America/Los_Angeles,2017-09-17,64.94,71.96,59.00,62.96,0.00,14.96,,W,10.00,10.00,,,29.90,29.98,CLR,clear,OVC,overcast,,,,,,,,,,,,,,,,,,,,,,,,
KLAX,America/Los_Angeles,2017-09-18,64.04,73.04,60.98,62.96,0.00,14.96,,W,8.00,10.00,,,29.90,29.97,FEW,mostly clear,OVC,overcast,,,,,,,,,,,,,,,,,,,,,,,,
KLAX,America/Los_Angeles,2017-09-19,66.02,73.94,60.98,62.96,0.00,13.81,,W,8.00,10.00,,,29.86,29.95,CLR,clear,OVC,overcast,,,,,,,,,,,,,,,,,,,,,,,,
KLAX,America/Los_Angeles,2017-09-20,62.96,75.92,60.08,64.04,0.00,14.96,,W,8.00,10.00,,,29.84,29.91,FEW,mostly clear,OVC,overcast,,,,,,,,,,,,,,,,,,,,,,,,
KLAX,America/Los_Angeles,2017-09-21,62.96,71.06,53.96,64.04,3.45,19.56,27.62,W,7.00,10.00,0.02,,29.81,29.87,CLR,clear,OVC,overcast,-RA,light rain,,,,,,,,,,,,,,,,,,,,,,
KLAX,America/Los_Angeles,2017-09-22,60.08,71.06,51.08,59.00,0.00,19.56,,W,9.00,10.00,,,29.80,29.90,CLR,clear,BKN,mostly cloudy,,,,,,,,,,,,,,,,,,,,,,,,
KLAX,America/Los_Angeles,2017-09-23,57.02,71.06,51.98,60.08,0.00,16.11,,W,10.00,10.00,,,29.81,29.86,CLR,clear,SCT,partly cloudy,,,,,,,,,,,,,,,,,,,,,,,,
KLAX,America/Los_Angeles,2017-09-24,60.08,80.06,42.08,55.94,0.00,18.41,,W,10.00,10.00,,,29.83,29.90,CLR,clear,FEW,mostly clear,,,,,,,,,,,,,,,,,,,,,,,,
KLAX,America/Los_Angeles,2017-09-25,60.08,84.92,26.06,57.92,0.00,17.26,,W,10.00,10.00,,,29.77,29.86,CLR,clear,BKN,mostly cloudy,,,,,,,,,,,,,,,,,,,,,,,,
KLAX,America/Los_Angeles,2017-09-26,62.06,78.08,39.02,64.04,0.00,13.81,,W,10.00,10.00,,,29.77,29.83,CLR,clear,SCT,partly cloudy,,,,,,,,,,,,,,,,,,,,,,,,
KLAX,America/Los_Angeles,2017-09-27,62.06,77.00,60.08,64.94,0.00,17.26,,W,0.25,10.00,,,29.82,29.91,CLR,clear,OVC,overcast,HZ,haze,FG,fog,BR,mist,BCFG,patches of fog,,,,,,,,,,,,,,,,
KLAX,America/Los_Angeles,2017-09-28,62.96,73.94,59.00,62.96,0.00,14.96,,W,7.00,10.00,,,29.84,29.93,CLR,clear,FEW,mostly clear,MIFG,shallow fog,,,,,,,,,,,,,,,,,,,,,,
KLAX,America/Los_Angeles,2017-09-29,64.04,77.00,57.92,66.92,0.00,14.96,,W,9.00,10.00,,,29.84,29.93,CLR,clear,BKN,mostly cloudy,,,,,,,,,,,,,,,,,,,,,,,,
KLAX,America/Los_Angeles,2017-09-30,62.06,73.94,60.08,64.04,0.00,12.66,,W,0.25,10.00,,,29.83,29.92,CLR,clear,VV,overcast,HZ,haze,FG,fog,BR,mist,,,,,,,,,,,,,,,,,,
KLAX,America/Los_Angeles,2017-10-01,64.94,73.94,59.00,62.96,0.00,14.96,,SW,9.00,10.00,,,29.74,29.86,CLR,clear,OVC,overcast,,,,,,,,,,,,,,,,,,,,,,,,
KLAX,America/Los_Angeles,2017-10-02,62.06,73.94,55.94,62.96,3.45,13.81,23.02,W,8.00,10.00,,,29.75,29.81,CLR,clear,OVC,overcast,,,,,,,,,,,,,,,,,,,,,,,,
KLAX,America/Los_Angeles,2017-10-03,62.06,71.06,57.92,62.06,0.00,13.81,18.41,W,7.00,10.00,,,29.79,29.94,CLR,clear,OVC,overcast,,,,,,,,,,,,,,,,,,,,,,,,
KLAX,America/Los_Angeles,2017-10-04,60.98,73.04,50.00,59.00,3.45,19.56,,W,10.00,10.00,,,29.90,30.01,CLR,clear,FEW,mostly clear,,,,,,,,,,,,,,,,,,,,,,,,
KLAX,America/Los_Angeles,2017-10-05,59.00,77.00,48.92,62.96,0.00,14.96,,W,10.00,10.00,,,29.83,29.93,CLR,clear,CLR,clear,,,,,,,,,,,,,,,,,,,,,,,,
KLAX,America/Los_Angeles,2017-10-06,59.00,82.94,44.96,60.98,0.00,13.81,,W,9.00,10.00,,,29.84,29.96,CLR,clear,CLR,clear,,,,,,,,,,,,,,,,,,,,,,,,
KLAX,America/Los_Angeles,2017-10-07,62.06,84.92,32.00,64.94,0.00,12.66,,W,9.00,10.00,,,29.74,29.84,CLR,clear,SCT,partly cloudy,,,,,,,,,,,,,,,,,,,,,,,,
KLAX,America/Los_Angeles,2017-10-08,60.98,77.00,57.92,64.94,0.00,12.66,18.41,E,0.75,10.00,,,29.71,29.79,CLR,clear,VV,overcast,BR,mist,BCFG,patches of fog,,,,,,,,,,,,,,,,,,,,
KLAX,America/Los_Angeles,2017-10-09,64.04,80.96,48.02,62.96,0.00,11.51,,W,8.00,10.00,,,29.80,29.94,CLR,clear,OVC,overcast,,,,,,,,,,,,,,,,,,,,,,,,
KLAX,America/Los_Angeles,2017-10-10,60.98,75.92,33.08,62.96,0.00,16.11,,W,6.00,10.00,,,29.87,29.97,CLR,clear,SCT,partly cloudy,BR,mist,BCFG,patches of fog,MIFG,shallow fog,,,,,,,,,,,,,,,,,,
KLAX,America/Los_Angeles,2017-10-11,62.06,69.98,59.00,62.96,0.00,12.66,,W,7.00,10.00,,,29.86,29.93,CLR,clear,BKN,mostly cloudy,,,,,,,,,,,,,,,,,,,,,,,,
KLAX,America/Los_Angeles,2017-10-12,62.06,69.98,55.94,60.98,0.00,18.41,,W,6.00,10.00,,,29.89,29.97,CLR,clear,OVC,overcast,HZ,haze,,,,,,,,,,,,,,,,,,,,,,
KLAX,America/Los_Angeles,2017-10-13,60.08,71.06,59.00,62.06,0.00,13.81,,W,5.00,10.00,,,29.92,30.00,CLR,clear,SCT,partly cloudy,HZ,haze,BR,mist,,,,,,,,,,,,,,,,,,,,
KLAX,America/Los_Angeles,2017-10-14,60.08,75.92,55.04,62.96,0.00,13.81,,W,5.00,10.00,,,29.93,30.01,CLR,clear,FEW,mostly clear,HZ,haze,BR,mist,,,,,,,,,,,,,,,,,,,,
KLAX,America/Los_Angeles,2017-10-15,60.98,93.92,17.96,60.08,3.45,12.66,,W,10.00,10.00,,,30.01,30.07,CLR,clear,FEW,mostly clear,,,,,,,,,,,,,,,,,,,,,,,,
KLAX,America/Los_Angeles,2017-10-16,68.00,89.06,21.92,55.04,0.00,18.41,,W,10.00,10.00,,,29.97,30.07,CLR,clear,BKN,mostly cloudy,,,,,,,,,,,,,,,,,,,,,,,,
KLAX,America/Los_Angeles,2017-10-17,66.02,86.00,33.08,62.96,0.00,12.66,,W,10.00,10.00,,,29.90,30.01,FEW,mostly clear,BKN,mostly cloudy,,,,,,,,,,,,,,,,,,,,,,,,
KLAX,America/Los_Angeles,2017-10-18,66.92,80.06,55.04,64.04,3.45,14.96,,W,8.00,10.00,,,29.89,29.96,CLR,clear,SCT,partly cloudy,,,,,,,,,,,,,,,,,,,,,,,,
KLAX,America/Los_Angeles,2017-10-19,64.94,73.04,59.00,62.96,0.00,13.81,,W,8.00,10.00,,,29.86,29.93,CLR,clear,OVC,overcast,,,,,,,,,,,,,,,,,,,,,,,,
KLAX,America/Los_Angeles,2017-10-20,62.96,69.98,33.98,62.06,0.00,19.56,,W,8.00,10.00,,,29.88,29.96,CLR,clear,BKN,mostly cloudy,,,,,,,,,,,,,,,,,,,,,,,,
KLAX,America/Los_Angeles,2017-10-21,62.06,73.04,33.08,55.94,0.00,13.81,19.56,W,10.00,10.00,,,29.97,30.10,CLR,clear,BKN,mostly cloudy,,,,,,,,,,,,,,,,,,,,,,,,
KLAX,America/Los_Angeles,2017-10-22,62.06,84.92,30.92,59.00,0.00,12.66,,W,10.00,10.00,,,30.05,30.13,CLR,clear,FEW,mostly clear,,,,,,,,,,,,,,,,,,,,,,,,
KLAX,America/Los_Angeles,2017-10-23,71.06,98.96,30.02,51.98,0.00,12.66,,W,10.00,10.00,,,29.99,30.08,CLR,clear,FEW,mostly clear,,,,,,,,,,,,,,,,,,,,,,,,
KLAX,America/Los_Angeles,2017-10-24,71.06,102.92,33.08,48.02,0.00,12.66,,SW,10.00,10.00,,,29.92,30.03,CLR,clear,CLR,clear,,,,,,,,,,,,,,,,,,,,,,,,
KLAX,America/Los_Angeles,2017-10-25,73.04,98.06,24.98,50.00,0.00,11.51,,W,10.00,10.00,,,29.81,29.94,CLR,clear,FEW,mostly clear,,,,,,,,,,,,,,,,,,,,,,,,
KLAX,America/Los_Angeles,2017-10-26,66.92,87.98,35.06,55.94,0.00,12.66,,W,10.00,10.00,,,29.84,29.90,CLR,clear,CLR,clear,,,,,,,,,,,,,,,,,,,,,,,,
KLAX,America/Los_Angeles,2017-10-27,62.06,75.92,46.04,64.94,0.00,11.51,,W,10.00,10.00,,,29.86,29.96,CLR,clear,SCT,partly cloudy,,,,,,,,,,,,,,,,,,,,,,,,
KLAX,America/Los_Angeles,2017-10-28,62.06,69.98,60.08,62.06,0.00,12.66,,W,2.00,10.00,,,29.85,29.92,FEW,mostly clear,OVC,overcast,HZ,haze,BR,mist,,,,,,,,,,,,,,,,,,,,
KLAX,America/Los_Angeles,2017-10-29,60.98,69.08,57.02,60.98,0.00,11.51,,W,1.75,10.00,,,29.85,29.92,FEW,mostly clear,OVC,overcast,HZ,haze,BR,mist,,,,,,,,,,,,,,,,,,,,
KLAX,America/Los_Angeles,2017-10-30,64.04,69.08,55.94,60.08,3.45,12.66,,W,8.00,10.00,0.00,,29.83,29.91,FEW,mostly clear,OVC,overcast,-DZ,light drizzle,,,,,,,,,,,,,,,,,,,,,,
KLAX,America/Los_Angeles,2017-10-31,62.96,69.08,57.02,60.98,0.00,10.36,,W,8.00,10.00,0.00,,29.87,29.94,FEW,mostly clear,OVC,overcast,-RA,light rain,-DZ,light drizzle,,,,,,,,,,,,,,,,,,,,
KLAX,America/Los_Angeles,2017-11-01,64.04,69.08,53.96,59.00,0.00,14.96,,W,8.00,10.00,,,29.91,29.99,FEW,mostly clear,OVC,overcast,,,,,,,,,,,,,,,,,,,,,,,,
KLAX,America/Los_Angeles,2017-11-02,57.92,66.02,48.92,59.00,0.00,11.51,20.71,SW,5.00,10.00,0.04,,29.98,30.10,FEW,mostly clear,OVC,overcast,RA,rain,-DZ,light drizzle,BR,mist,,,,,,,,,,,,,,,,,,
KLAX,America/Los_Angeles,2017-11-03,60.08,71.06,46.04,57.02,3.45,13.81,,W,8.00,10.00,0.02,,30.02,30.13,FEW,mostly clear,OVC,overcast,-DZ,light drizzle,,,,,,,,,,,,,,,,,,,,,,
KLAX,America/Los_Angeles,2017-11-04,57.92,69.08,51.98,60.08,0.00,17.26,,W,10.00,10.00,,,29.97,30.04,FEW,mostly clear,BKN,mostly cloudy,,,,,,,,,,,,,,,,,,,,,,,,
KLAX,America/Los_Angeles,2017-11-05,60.98,69.08,51.98,60.08,0.00,13.81,,W,6.00,10.00,0.00,,30.03,30.11,FEW,mostly clear,OVC,overcast,DZ,drizzle,-DZ,light drizzle,BR,mist,,,,,,,,,,,,,,,,,,
KLAX,America/Los_Angeles,2017-11-06,59.00,68.00,53.06,57.02,0.00,12.66,,W,9.00,10.00,0.00,,30.04,30.10,FEW,mostly clear,OVC,overcast,-RA,light rain,,,,,,,,,,,,,,,,,,,,,,
KLAX,America/Los_Angeles,2017-11-07,60.08,71.96,51.98,57.92,0.00,14.96,,W,10.00,10.00,,,30.03,30.12,CLR,clear,BKN,mostly cloudy,,,,,,,,,,,,,,,,,,,,,,,,
KLAX,America/Los_Angeles,2017-11-08,57.02,73.04,51.08,60.98,0.00,14.96,,W,10.00,10.00,,,30.00,30.08,CLR,clear,BKN,mostly cloudy,,,,,,,,,,,,,,,,,,,,,,,,
KLAX,America/Los_Angeles,2017-11-09,60.08,69.98,53.06,60.98,0.00,16.11,,W,10.00,10.00,,,30.00,30.08,CLR,clear,BKN,mostly cloudy,,,,,,,,,,,,,,,,,,,,,,,,
KLAX,America/Los_Angeles,2017-11-10,57.02,68.00,53.96,60.80,0.00,13.81,,W,8.00,10.00,,,29.96,30.04,CLR,clear,OVC,overcast,,,,,,,,,,,,,,,,,,,,,,,,
KLAX,America/Los_Angeles,2017-11-11,55.94,69.08,51.98,59.00,0.00,14.96,,W,10.00,10.00,,,29.97,30.06,FEW,mostly clear,BKN,mostly cloudy,,,,,,,,,,,,,,,,,,,,,,,,
KLAX,America/Los_Angeles,2017-11-12,57.02,68.00,55.04,59.00,0.00,11.51,,W,7.00,10.00,,,30.02,30.09,FEW,mostly clear,OVC,overcast,,,,,,,,,,,,,,,,,,,,,,,,
KLAX,America/Los_Angeles,2017-11-13,53.96,69.08,50.00,57.92,0.00,10.36,,W,7.00,10.00,,,30.06,30.15,CLR,clear,BKN,mostly cloudy,,,,,,,,,,,,,,,,,,,,,,,,
KLAX,America/Los_Angeles,2017-11-14,53.96,73.04,48.92,57.92,0.00,12.66,,W,10.00,10.00,,,29.98,30.11,FEW,mostly clear,BKN,mostly cloudy,,,,,,,,,,,,,,,,,,,,,,,,
KLAX,America/Los_Angeles,2017-11-15,57.92,75.02,44.96,59.00,0.00,10.36,,W,8.00,10.00,,,29.94,29.99,FEW,mostly clear,BKN,mostly cloudy,,,,,,,,,,,,,,,,,,,,,,,,
KLAX,America/Los_Angeles,2017-11-16,60.08,75.92,46.94,57.92,0.00,12.66,,W,8.00,10.00,,,29.93,29.99,FEW,mostly clear,OVC,overcast,,,,,,,,,,,,,,,,,,,,,,,,
KLAX,America/Los_Angeles,2017-11-17,60.08,69.08,55.04,62.96,0.00,16.11,,W,10.00,10.00,0.00,,29.98,30.11,CLR,clear,OVC,overcast,-RA,light rain,,,,,,,,,,,,,,,,,,,,,,
KLAX,America/Los_Angeles,2017-11-18,55.94,73.94,26.96,57.02,0.00,18.41,,W,10.00,10.00,,,30.06,30.16,CLR,clear,SCT,partly cloudy,,,,,,,,,,,,,,,,,,,,,,,,
KLAX,America/Los_Angeles,2017-11-19,57.02,73.04,21.92,55.04,0.00,18.41,,W,10.00,10.00,,,29.96,30.08,CLR,clear,BKN,mostly cloudy,,,,,,,,,,,,,,,,,,,,,,,,
KLAX,America/Los_Angeles,2017-11-20,51.98,71.06,33.08,57.02,0.00,9.21,,W,10.00,10.00,,,29.98,30.05,FEW,mostly clear,BKN,mostly cloudy,,,,,,,,,,,,,,,,,,,,,,,,
KLAX,America/Los_Angeles,2017-11-21,59.00,78.08,37.94,57.02,0.00,14.96,,W,10.00,10.00,,,30.00,30.09,CLR,clear,BKN,mostly cloudy,,,,,,,,,,,,,,,,,,,,,,,,
KLAX,America/Los_Angeles,2017-11-22,62.96,93.02,35.06,53.96,0.00,11.51,,W,10.00,10.00,,,29.98,30.07,CLR,clear,FEW,mostly clear,,,,,,,,,,,,,,,,,,,,,,,,
KLAX,America/Los_Angeles,2017-11-23,66.02,91.04,39.02,57.92,0.00,13.81,,W,10.00,10.00,,,29.91,30.02,CLR,clear,BKN,mostly cloudy,,,,,,,,,,,,,,,,,,,,,,,,
KLAX,America/Los_Angeles,2017-11-24,59.00,80.96,42.98,59.00,0.00,11.51,,W,10.00,10.00,,,29.85,29.94,CLR,clear,BKN,mostly cloudy,,,,,,,,,,,,,,,,,,,,,,,,
KLAX,America/Los_Angeles,2017-11-25,59.00,78.98,44.96,60.98,0.00,11.51,,W,0.50,10.00,,,29.93,30.07,CLR,clear,VV,overcast,FG,fog,BR,mist,,,,,,,,,,,,,,,,,,,,
KLAX,America/Los_Angeles,2017-11-26,59.00,64.04,55.94,59.00,0.00,18.41,,W,1.00,10.00,,,29.98,30.13,FEW,mostly clear,OVC,overcast,HZ,haze,BR,mist,,,,,,,,,,,,,,,,,,,,
KLAX,America/Los_Angeles,2017-11-27,57.02,66.02,30.92,60.08,0.00,25.32,29.92,W,1.50,10.00,0.01,,29.92,30.03,CLR,clear,OVC,overcast,-DZ,light drizzle,HZ,haze,BR,mist,,,,,,,,,,,,,,,,,,
KLAX,America/Los_Angeles,2017-11-28,51.98,73.04,35.96,55.94,0.00,14.96,,W,10.00,10.00,,,29.93,30.01,CLR,clear,BKN,mostly cloudy,,,,,,,,,,,,,,,,,,,,,,,,
KLAX,America/Los_Angeles,2017-11-29,53.60,73.04,33.08,57.92,0.00,12.66,,W,9.00,10.00,,,29.99,30.08,FEW,mostly clear,BKN,mostly cloudy,,,,,,,,,,,,,,,,,,,,,,,,
KLAX,America/Los_Angeles,2017-11-30,53.96,69.98,42.98,57.92,0.00,13.81,,W,10.00,10.00,,,29.97,30.08,CLR,clear,BKN,mostly cloudy,,,,,,,,,,,,,,,,,,,,,,,,
KLAX,America/Los_Angeles,2017-12-01,55.04,66.92,51.08,59.00,0.00,11.51,,W,0.12,10.00,,,29.95,30.03,CLR,clear,BKN,mostly cloudy,FG,fog,BR,mist,BCFG,patches of fog,,,,,,,,,,,,,,,,,,
KLAX,America/Los_Angeles,2017-12-02,53.96,69.98,46.04,59.00,0.00,12.66,,W,10.00,10.00,,,29.95,30.02,CLR,clear,BKN,mostly cloudy,VCFG,fog in the vicinity,,,,,,,,,,,,,,,,,,,,,,
KLAX,America/Los_Angeles,2017-12-03,53.96,66.92,51.98,57.02,0.00,10.36,,SW,2.50,10.00,,,29.94,30.05,FEW,mostly clear,BKN,mostly cloudy,HZ,haze,BR,mist,BCFG,patches of fog,,,,,,,,,,,,,,,,,,
KLAX,America/Los_Angeles,2017-12-04,55.04,71.96,5.00,55.04,0.00,10.36,,N,5.00,10.00,,,29.91,30.03,CLR,clear,BKN,mostly cloudy,HZ,haze,BR,mist,,,,,,,,,,,,,,,,,,,,
KLAX,America/Los_Angeles,2017-12-05,55.04,73.04,1.04,15.08,0.00,10.36,,N,10.00,10.00,,,30.04,30.17,CLR,clear,SCT,partly cloudy,BCFG,patches of fog,,,,,,,,,,,,,,,,,,,,,,
KLAX,America/Los_Angeles,2017-12-06,46.94,73.94,5.00,35.96,0.00,10.36,,SW,8.00,10.00,,,30.10,30.22,FEW,mostly clear,SCT,partly cloudy,,,,,,,,,,,,,,,,,,,,,,,,
KLAX,America/Los_Angeles,2017-12-07,48.92,80.06,3.02,32.00,0.00,11.51,,E,9.00,10.00,,,30.23,30.38,FEW,mostly clear,SCT,partly cloudy,,,,,,,,,,,,,,,,,,,,,,,,
KLAX,America/Los_Angeles,2017-12-08,53.96,77.00,8.96,46.94,0.00,12.66,,W,3.00,10.00,,,30.22,30.36,FEW,mostly clear,BKN,mostly cloudy,HZ,haze,,,,,,,,,,,,,,,,,,,,,,
KLAX,America/Los_Angeles,2017-12-09,55.04,84.92,8.06,28.04,0.00,9.21,,E,10.00,10.00,,,30.11,30.23,FEW,mostly clear,BKN,mostly cloudy,,,,,,,,,,,,,,,,,,,,,,,,
KLAX,America/Los_Angeles,2017-12-10,53.06,84.02,10.94,23.00,0.00,8.06,,NE,10.00,10.00,,,30.08,30.19,CLR,clear,OVC,overcast,,,,,,,,,,,,,,,,,,,,,,,,
KLAX,America/Los_Angeles,2017-12-11,59.00,82.94,6.98,41.00,0.00,11.51,,W,10.00,10.00,,,30.15,30.22,CLR,clear,BKN,mostly cloudy,,,,,,,,,,,,,,,,,,,,,,,,
KLAX,America/Los_Angeles,2017-12-12,55.04,82.04,1.04,48.92,0.00,12.66,,W,5.00,10.00,,,30.03,30.20,CLR,clear,SCT,partly cloudy,HZ,haze,FU,smoke,,,,,,,,,,,,,,,,,,,,
KLAX,America/Los_Angeles,2017-12-13,53.06,78.08,10.04,44.96,0.00,11.51,,W,9.00,10.00,,,29.93,30.03,CLR,clear,SCT,partly cloudy,,,,,,,,,,,,,,,,,,,,,,,,
KLAX,America/Los_Angeles,2017-12-14,50.00,69.98,32.00,55.94,0.00,10.36,,W,9.00,10.00,,,29.96,30.09,FEW,mostly clear,SCT,partly cloudy,,,,,,,,,,,,,,,,,,,,,,,,
KLAX,America/Los_Angeles,2017-12-15,51.98,80.06,12.92,51.98,0.00,11.51,,W,6.00,10.00,,,29.92,30.14,CLR,clear,BKN,mostly cloudy,HZ,haze,FU,smoke,,,,,,,,,,,,,,,,,,,,
KLAX,America/Los_Angeles,2017-12-16,53.96,64.94,42.98,53.96,0.00,13.81,18.41,SE,6.00,10.00,0.00,,29.68,29.90,CLR,clear,OVC,overcast,HZ,haze,,,,,,,,,,,,,,,,,,,,,,
KLAX,America/Los_Angeles,2017-12-17,57.02,71.96,15.98,44.06,0.00,12.66,19.56,N,10.00,10.00,,,29.80,30.07,CLR,clear,FEW,mostly clear,,,,,,,,,,,,,,,,,,,,,,,,
KLAX,America/Los_Angeles,2017-12-18,53.06,71.06,19.04,50.00,0.00,10.36,,W,9.00,10.00,,,30.07,30.19,CLR,clear,BKN,mostly cloudy,,,,,,,,,,,,,,,,,,,,,,,,
KLAX,America/Los_Angeles,2017-12-19,48.92,66.92,30.92,55.04,0.00,10.36,,W,10.00,10.00,,,30.15,30.24,CLR,clear,FEW,mostly clear,,,,,,,,,,,,,,,,,,,,,,,,
KLAX,America/Los_Angeles,2017-12-20,48.02,59.00,17.06,53.06,3.45,27.62,34.52,N,0.50,10.00,0.01,,30.00,30.18,CLR,clear,OVC,overcast,-RA,light rain,HZ,haze,FG,fog,BR,mist,BCFG,patches of fog,,,,,,,,,,,,,,
KLAX,America/Los_Angeles,2017-12-21,50.00,62.06,15.08,33.08,0.00,19.56,26.47,SW,10.00,10.00,,,30.05,30.21,CLR,clear,FEW,mostly clear,,,,,,,,,,,,,,,,,,,,,,,,
KLAX,America/Los_Angeles,2017-12-22,42.98,64.04,14.00,42.08,0.00,11.51,20.71,W,10.00,10.00,,,30.20,30.33,CLR,clear,BKN,mostly cloudy,,,,,,,,,,,,,,,,,,,,,,,,
KLAX,America/Los_Angeles,2017-12-23,48.02,64.04,12.92,51.08,0.00,11.51,,W,10.00,10.00,,,30.13,30.24,FEW,mostly clear,BKN,mostly cloudy,,,,,,,,,,,,,,,,,,,,,,,,
KLAX,America/Los_Angeles,2017-12-24,50.00,71.06,17.06,53.96,0.00,13.81,,W,10.00,10.00,,,30.08,30.16,FEW,mostly clear,BKN,mostly cloudy,,,,,,,,,,,,,,,,,,,,,,,,
KLAX,America/Los_Angeles,2017-12-25,48.02,64.94,33.98,55.04,0.00,10.36,,W,6.00,10.00,,,30.05,30.14,CLR,clear,OVC,overcast,HZ,haze,,,,,,,,,,,,,,,,,,,,,,
KLAX,America/Los_Angeles,2017-12-26,48.02,64.04,39.92,55.94,0.00,8.06,,W,0.06,9.00,,,30.07,30.15,CLR,clear,VV,overcast,HZ,haze,FG,fog,BR,mist,BCFG,patches of fog,,,,,,,,,,,,,,,,
KLAX,America/Los_Angeles,2017-12-27,50.00,73.94,35.96,55.94,0.00,11.51,,W,2.50,10.00,,,30.08,30.17,CLR,clear,SCT,partly cloudy,HZ,haze,BR,mist,BCFG,patches of fog,,,,,,,,,,,,,,,,,,
KLAX,America/Los_Angeles,2017-12-28,50.00,69.98,39.92,57.02,0.00,10.36,,W,8.00,10.00,,,30.06,30.15,CLR,clear,SCT,partly cloudy,,,,,,,,,,,,,,,,,,,,,,,,
KLAX,America/Los_Angeles,2017-12-29,53.96,78.98,24.98,51.98,0.00,11.51,,W,10.00,10.00,,,30.05,30.13,CLR,clear,BKN,mostly cloudy,,,,,,,,,,,,,,,,,,,,,,,,
KLAX,America/Los_Angeles,2017-12-30,50.00,66.92,46.04,55.94,0.00,12.66,,W,0.25,10.00,,,30.02,30.12,FEW,mostly clear,VV,overcast,HZ,haze,FG,fog,BR,mist,BCFG,patches of fog,,,,,,,,,,,,,,,,
KLAX,America/Los_Angeles,2017-12-31,51.98,64.04,48.92,55.04,0.00,12.66,,W,0.12,9.00,,,30.06,30.16,FEW,mostly clear,VV,overcast,HZ,haze,FG,fog,BR,mist,,,,,,,,,,,,,,,,,,
